 &plot nbnd=   8, nks=    21 /
            0.000000  0.000000  0.000000
  -20.679   -9.730   -9.730   -0.509    0.977    1.035    1.035    1.237
            0.000000  0.000000  0.194598
  -20.646   -9.676   -9.676   -0.453    1.034    1.092    1.092    1.292
            0.000000  0.000000  0.389196
  -20.550   -9.515   -9.515   -0.286    1.205    1.262    1.262    1.456
            0.000000  0.000000  0.583794
  -20.390   -9.247   -9.247   -0.009    1.490    1.545    1.545    1.729
            0.000000  0.000000  0.778392
  -20.169   -8.871   -8.871    0.379    1.889    1.943    1.943    2.110
            0.000000  0.000000  0.972990
  -19.887   -8.389   -8.389    0.877    2.401    2.453    2.453    2.597
            0.000000  0.000000  1.167588
  -19.549   -7.802   -7.802    1.482    3.028    3.077    3.077    3.190
            0.000000  0.000000  1.362186
  -19.158   -7.111   -7.111    2.193    3.768    3.814    3.814    3.884
            0.000000  0.000000  1.556784
  -18.718   -6.318   -6.318    3.005    4.622    4.664    4.664    4.674
            0.000000  0.000000  1.751382
  -18.236   -5.424   -5.424    3.908    5.548    5.591    5.627    5.627
            0.000000  0.000000  1.945980
  -17.718   -4.433   -4.433    4.876    6.484    6.673    6.702    6.702
            0.000000  0.000000  2.140578
  -17.172   -3.350   -3.350    5.840    7.449    7.869    7.889    7.889
            0.000000  0.000000  2.335176
  -16.609   -2.180   -2.180    6.598    8.440    9.179    9.187    9.187
            0.000000  0.000000  2.529773
  -16.041   -0.932   -0.932    6.837    9.581   10.595   10.595   10.603
            0.000000  0.000000  2.724371
  -15.484    0.379    0.379    6.560   10.945   12.109   12.109   12.141
            0.000000  0.000000  2.918969
  -14.954    1.732    1.732    6.028   12.489   13.724   13.724   13.793
            0.000000  0.000000  3.113567
  -14.472    3.092    3.092    5.437   14.175   15.421   15.421   15.558
            0.000000  0.000000  3.308165
  -14.062    4.397    4.397    4.895   15.985   17.132   17.132   17.438
            0.000000  0.000000  3.502763
  -13.747    4.467    5.545    5.545   17.903   18.448   18.448   19.431
            0.000000  0.000000  3.697361
  -13.548    4.194    6.372    6.372   18.551   18.551   19.906   21.525
            0.000000  0.000000  3.891959
  -13.480    4.100    6.680    6.680   18.390   18.390   21.577   22.387
