 &plot nbnd=  30, nks=    91 /
            0.500000  0.500000  0.500000
   -3.331   -0.676    5.158    5.158    7.965    9.705    9.705   14.128   16.967   16.967
   17.815   17.815   17.867   19.609   25.902   26.540   28.152   28.152   28.326   28.326
   32.240   32.988   32.988   34.080   34.080   34.970   37.841   38.975   38.975   39.511
            0.475000  0.475000  0.475000
   -3.368   -0.624    5.163    5.163    7.970    9.711    9.711   14.136   16.721   16.721
   17.738   18.080   18.080   19.731   25.387   27.081   27.602   27.602   28.836   28.836
   32.047   33.019   33.019   34.097   34.097   35.131   37.822   38.976   38.976   39.544
            0.450000  0.450000  0.450000
   -3.469   -0.476    5.176    5.176    7.985    9.727    9.727   14.161   16.288   16.288
   17.426   18.569   18.569   20.015   24.684   26.956   26.956   27.866   29.358   29.358
   31.572   33.108   33.108   34.156   34.156   35.496   37.767   38.984   38.984   39.638
            0.425000  0.425000  0.425000
   -3.617   -0.250    5.199    5.199    8.011    9.752    9.752   14.199   15.838   15.838
   17.035   19.111   19.111   20.338   24.030   26.305   26.305   28.679   29.790   29.790
   30.968   33.233   33.233   34.294   34.294   35.894   37.681   39.011   39.011   39.779
            0.400000  0.400000  0.400000
   -3.794    0.035    5.231    5.231    8.047    9.785    9.785   14.247   15.403   15.403
   16.618   19.671   19.671   20.592   23.497   25.665   25.665   29.480   30.111   30.111
   30.337   33.348   33.348   34.566   34.566   36.216   37.570   39.064   39.064   39.955
            0.375000  0.375000  0.375000
   -3.984    0.365    5.271    5.271    8.092    9.822    9.822   14.295   14.993   14.993
   16.205   20.232   20.232   20.649   23.197   25.053   25.053   29.552   30.324   30.324
   30.425   33.415   33.415   35.003   35.003   36.409   37.441   39.146   39.146   40.154
            0.350000  0.350000  0.350000
   -4.178    0.729    5.320    5.320    8.148    9.860    9.860   14.322   14.617   14.617
   15.825   20.421   20.769   20.769   23.213   24.494   24.494   28.907   30.448   30.448
   31.238   33.434   33.434   35.582   35.582   36.468   37.301   39.258   39.258   40.367
            0.325000  0.325000  0.325000
   -4.369    1.120    5.378    5.378    8.212    9.892    9.892   14.280   14.280   14.281
   15.527   19.976   21.228   21.228   23.469   24.043   24.043   28.254   30.508   30.508
   32.073   33.421   33.421   36.260   36.260   36.417   37.155   39.398   39.398   40.581
            0.300000  0.300000  0.300000
   -4.554    1.533    5.445    5.445    8.285    9.913    9.913   13.990   13.990   14.111
   15.371   19.435   21.491   21.491   23.819   23.819   23.836   27.631   30.523   30.523
   32.898   33.388   33.388   36.293   36.997   36.997   37.008   39.566   39.566   40.776
            0.275000  0.275000  0.275000
   -4.729    1.965    5.519    5.519    8.367    9.915    9.915   13.755   13.755   13.807
   15.359   18.871   21.430   21.430   23.950   23.950   24.223   27.068   30.511   30.511
   33.342   33.342   33.686   36.144   36.865   37.757   37.757   39.760   39.760   40.925
            0.250000  0.250000  0.250000
   -4.892    2.413    5.601    5.601    8.454    9.891    9.891   13.424   13.581   13.581
   15.428   18.323   21.110   21.110   24.374   24.374   24.535   26.633   30.482   30.482
   33.289   33.289   34.362   36.057   36.727   38.490   38.490   39.982   39.982   41.003
            0.225000  0.225000  0.225000
   -5.042    2.872    5.690    5.690    8.548    9.836    9.836   13.002   13.472   13.472
   15.521   17.823   20.675   20.675   24.619   24.944   24.944   26.466   30.444   30.444
   33.230   33.230   34.723   36.243   36.597   39.101   39.101   40.206   40.206   41.047
            0.200000  0.200000  0.200000
   -5.179    3.342    5.784    5.784    8.644    9.751    9.751   12.563   13.430   13.430
   15.588   17.412   20.205   20.205   24.396   25.580   25.580   26.640   30.402   30.402
   33.167   33.167   34.676   36.478   36.800   39.405   39.405   40.318   40.318   41.315
            0.175000  0.175000  0.175000
   -5.300    3.817    5.881    5.881    8.741    9.640    9.640   12.115   13.447   13.447
   15.570   17.145   19.736   19.736   24.002   26.247   26.247   27.017   30.363   30.363
   33.100   33.100   34.433   36.370   37.514   39.226   39.226   40.413   40.413   41.900
            0.150000  0.150000  0.150000
   -5.406    4.294    5.980    5.980    8.834    9.510    9.510   11.667   13.514   13.514
   15.426   17.062   19.284   19.284   23.562   26.923   26.923   27.469   30.329   30.329
   33.029   33.029   34.116   36.275   38.260   38.722   38.722   40.578   40.578   42.596
            0.125000  0.125000  0.125000
   -5.496    4.766    6.078    6.078    8.917    9.372    9.372   11.227   13.619   13.619
   15.195   17.124   18.862   18.862   23.128   27.592   27.592   27.942   30.307   30.307
   32.950   32.950   33.770   36.193   38.106   38.106   38.989   40.751   40.751   43.276
            0.100000  0.100000  0.100000
   -5.570    5.223    6.170    6.170    8.983    9.238    9.238   10.810   13.746   13.746
   14.945   17.258   18.482   18.482   22.729   28.229   28.229   28.407   30.305   30.305
   32.860   32.860   33.413   36.125   37.478   37.478   39.671   40.905   40.905   43.872
            0.075000  0.075000  0.075000
   -5.628    5.649    6.251    6.251    9.018    9.119    9.119   10.438   13.877   13.877
   14.720   17.414   18.158   18.158   22.386   28.799   28.799   28.840   30.336   30.336
   32.753   32.753   33.068   36.072   36.900   36.900   40.276   41.032   41.032   44.349
            0.050000  0.050000  0.050000
   -5.670    6.014    6.316    6.316    9.010    9.024    9.024   10.149   13.995   13.995
   14.547   17.554   17.905   17.905   22.117   29.210   29.240   29.240   30.425   30.425
   32.628   32.628   32.761   36.034   36.427   36.427   40.765   41.127   41.127   44.698
            0.025000  0.025000  0.025000
   -5.695    6.275    6.357    6.357    8.962    8.962    8.968    9.973   14.077   14.077
   14.438   17.651   17.743   17.743   21.944   29.472   29.494   29.494   30.560   30.560
   32.509   32.509   32.538   36.011   36.113   36.113   41.090   41.185   41.185   44.913
            0.000000  0.000000  0.000000
   -5.703    6.372    6.372    6.372    8.941    8.941    8.941    9.918   14.106   14.106
   14.401   17.687   17.687   17.687   21.884   29.569   29.569   29.569   30.634   30.634
   32.454   32.454   32.454   36.003   36.003   36.003   41.205   41.205   41.205   44.986
            0.033333  0.000000  0.000000
   -5.698    6.339    6.350    6.350    8.929    8.969    8.969    9.950   14.065   14.112
   14.423   17.695   17.695   17.715   21.920   29.495   29.495   29.576   30.573   30.597
   32.477   32.502   32.502   36.040   36.040   36.067   41.174   41.175   41.175   44.911
            0.066667  0.000000  0.000000
   -5.683    6.245    6.288    6.288    8.893    9.049    9.049   10.041   13.949   14.128
   14.489   17.721   17.721   17.796   22.027   29.290   29.290   29.594   30.398   30.492
   32.539   32.629   32.629   36.149   36.149   36.248   41.081   41.083   41.083   44.694
            0.100000  0.000000  0.000000
   -5.659    6.098    6.192    6.192    8.834    9.175    9.175   10.182   13.775   14.155
   14.595   17.763   17.763   17.917   22.203   28.988   28.988   29.626   30.130   30.330
   32.627   32.800   32.800   36.331   36.331   36.527   40.931   40.933   40.933   44.357
            0.133333  0.000000  0.000000
   -5.624    5.909    6.071    6.071    8.757    9.339    9.339   10.355   13.562   14.193
   14.740   17.823   17.823   18.063   22.444   28.624   28.624   29.670   29.792   30.128
   32.729   32.983   32.983   36.584   36.584   36.879   40.726   40.726   40.730   43.924
            0.166667  0.000000  0.000000
   -5.580    5.689    5.933    5.933    8.663    9.531    9.531   10.543   13.336   14.242
   14.921   17.899   17.899   18.225   22.745   28.220   28.220   29.404   29.728   29.894
   32.832   33.158   33.158   36.903   36.903   37.280   40.466   40.466   40.480   43.418
            0.200000  0.000000  0.000000
   -5.526    5.446    5.784    5.784    8.557    9.746    9.746   10.722   13.124   14.302
   15.132   17.992   17.992   18.394   23.101   27.794   27.794   28.983   29.638   29.800
   32.929   33.317   33.317   37.280   37.280   37.713   40.158   40.158   40.186   42.859
            0.233333  0.000000  0.000000
   -5.462    5.186    5.628    5.628    8.442    9.979    9.979   10.862   12.959   14.373
   15.371   18.102   18.102   18.567   23.503   27.354   27.354   28.540   29.365   29.887
   33.014   33.458   33.458   37.705   37.705   38.163   39.807   39.807   39.848   42.261
            0.266667  0.000000  0.000000
   -5.389    4.914    5.471    5.471    8.321   10.226   10.226   10.923   12.884   14.455
   15.635   18.228   18.228   18.744   23.944   26.907   26.907   28.084   29.079   29.991
   33.083   33.582   33.582   38.162   38.162   38.618   39.424   39.424   39.470   41.636
            0.300000  0.000000  0.000000
   -5.305    4.633    5.313    5.313    8.196   10.485   10.485   10.879   12.926   14.547
   15.920   18.369   18.369   18.925   24.417   26.459   26.459   27.619   28.784   30.113
   33.131   33.691   33.691   38.588   38.588   39.055   39.068   39.070   39.070   40.990
            0.333333  0.000000  0.000000
   -5.212    4.345    5.158    5.158    8.071   10.737   10.752   10.752   13.079   14.650
   16.223   18.525   18.525   19.111   24.913   26.013   26.013   27.150   28.482   30.256
   33.156   33.786   33.786   38.449   38.449   38.606   39.277   39.277   39.504   40.331
            0.366667  0.000000  0.000000
   -5.110    4.053    5.006    5.006    7.946   10.529   11.027   11.027   13.312   14.765
   16.542   18.695   18.695   19.305   25.425   25.573   25.573   26.681   28.176   30.423
   33.153   33.867   33.867   37.999   37.999   38.131   39.663   39.792   39.792   39.916
            0.400000  0.000000  0.000000
   -4.998    3.756    4.858    4.858    7.824   10.287   11.308   11.308   13.596   14.890
   16.874   18.877   18.877   19.507   25.142   25.142   25.945   26.212   27.868   30.618
   33.118   33.930   33.930   37.518   37.518   37.640   38.990   40.297   40.341   40.341
            0.433333  0.000000  0.000000
   -4.877    3.458    4.716    4.716    7.706   10.028   11.595   11.595   13.911   15.025
   17.216   19.068   19.068   19.719   24.724   24.724   25.747   26.464   27.561   30.845
   33.047   33.969   33.969   37.035   37.035   37.143   38.316   40.640   40.899   40.899
            0.466667  0.000000  0.000000
   -4.746    3.157    4.580    4.580    7.594    9.764   11.887   11.887   14.246   15.172
   17.566   19.265   19.265   19.942   24.324   24.324   25.286   26.972   27.257   31.112
   32.934   33.969   33.969   36.572   36.572   36.650   37.643   40.940   41.457   41.457
            0.500000  0.000000  0.000000
   -4.606    2.855    4.451    4.451    7.487    9.503   12.182   12.182   14.594   15.329
   17.920   19.462   19.462   20.179   23.948   23.948   24.830   26.960   27.462   31.423
   32.772   33.904   33.904   36.161   36.161   36.173   36.973   41.195   41.890   41.999
            0.533333  0.000000  0.000000
   -4.457    2.552    4.329    4.329    7.388    9.249   12.481   12.481   14.950   15.498
   18.275   19.649   19.649   20.428   23.605   23.605   24.381   26.671   27.923   31.784
   32.558   33.738   33.738   35.723   35.841   35.841   36.311   41.406   41.807   42.490
            0.566667  0.000000  0.000000
   -4.299    2.249    4.214    4.214    7.297    9.004   12.783   12.783   15.311   15.676
   18.628   19.812   19.812   20.693   23.312   23.312   23.938   26.396   28.350   32.196
   32.285   33.449   33.449   35.308   35.639   35.639   35.661   41.576   41.757   42.810
            0.600000  0.000000  0.000000
   -4.132    1.947    4.107    4.107    7.214    8.771   13.088   13.088   15.674   15.866
   18.971   19.930   19.930   20.973   23.087   23.087   23.502   26.139   28.739   31.956
   32.648   33.048   33.048   34.933   35.037   35.547   35.547   41.710   41.737   42.800
            0.633333  0.000000  0.000000
   -3.957    1.645    4.007    4.007    7.141    8.550   13.396   13.396   16.038   16.066
   19.300   19.980   19.980   21.268   22.957   22.957   23.075   25.907   29.091   31.573
   32.568   32.568   33.091   34.486   34.596   35.531   35.531   41.743   41.815   42.610
            0.666667  0.000000  0.000000
   -3.773    1.344    3.916    3.916    7.077    8.342   13.707   13.707   16.277   16.400
   19.604   19.940   19.940   21.580   22.655   22.940   22.940   25.707   29.410   31.148
   32.042   32.042   33.246   34.284   34.293   35.561   35.561   41.772   41.895   42.378
            0.700000  0.000000  0.000000
   -3.580    1.045    3.833    3.833    7.023    8.149   14.019   14.019   16.499   16.759
   19.810   19.810   19.874   21.909   22.245   23.039   23.039   25.549   29.700   30.691
   31.491   31.491   32.853   34.017   34.687   35.618   35.618   41.819   41.956   42.143
            0.733333  0.000000  0.000000
   -3.379    0.748    3.759    3.759    6.979    7.970   14.334   14.334   16.731   17.115
   19.605   19.605   20.097   21.842   22.254   23.236   23.236   25.442   29.963   30.214
   30.928   30.928   32.303   33.759   35.299   35.688   35.688   41.879   41.920   41.920
            0.766667  0.000000  0.000000
   -3.170    0.453    3.693    3.693    6.947    7.805   14.651   14.651   16.974   17.464
   19.347   19.347   20.261   21.449   22.614   23.510   23.510   25.397   29.731   30.196
   30.359   30.359   31.744   33.514   35.766   35.766   35.976   41.712   41.712   41.944
            0.800000  0.000000  0.000000
   -2.953    0.162    3.636    3.636    6.925    7.655   14.970   14.970   17.227   17.807
   19.056   19.056   20.358   21.066   22.990   23.842   23.842   25.416   29.252   29.791
   29.791   30.367   31.239   33.278   35.844   35.844   36.687   41.523   41.523   42.004
            0.833333  0.000000  0.000000
   -2.729   -0.127    3.587    3.587    6.916    7.519   15.289   15.289   17.491   18.142
   18.745   18.745   20.382   20.691   23.379   24.216   24.216   25.494   28.793   29.227
   29.227   30.286   30.990   33.048   35.918   35.918   37.417   41.357   41.357   42.043
            0.866667  0.000000  0.000000
   -2.497   -0.411    3.547    3.547    6.918    7.397   15.608   15.608   17.765   18.426
   18.426   18.467   20.326   20.335   23.778   24.623   24.623   25.610   28.378   28.670
   28.670   29.869   31.091   32.821   35.985   35.985   38.155   41.216   41.216   42.039
            0.900000  0.000000  0.000000
   -2.258   -0.691    3.516    3.516    6.932    7.290   15.923   15.923   18.049   18.106
   18.106   18.781   19.971   20.227   24.184   25.056   25.056   25.716   28.048   28.124
   28.124   29.382   31.283   32.596   36.041   36.041   38.891   41.103   41.103   41.955
            0.933333  0.000000  0.000000
   -2.012   -0.966    3.494    3.494    6.959    7.197   16.226   16.226   17.798   17.798
   18.344   19.081   19.626   20.066   24.589   25.508   25.508   25.737   27.593   27.593
   27.871   28.910   31.494   32.373   36.083   36.083   39.609   41.020   41.020   41.752
            0.966667  0.000000  0.000000
   -1.759   -1.236    3.481    3.481    6.999    7.117   16.489   16.489   17.531   17.531
   18.649   19.290   19.364   19.863   24.981   25.606   25.962   25.962   27.092   27.092
   27.904   28.482   31.711   32.151   36.110   36.110   40.288   40.969   40.969   41.397
            1.000000  0.000000  0.000000
   -1.501   -1.501    3.476    3.476    7.051    7.051   16.615   16.615   17.404   17.404
   18.965   18.965   19.626   19.626   25.335   25.335   26.270   26.270   26.768   26.768
   28.129   28.129   31.930   31.930   36.119   36.119   40.898   40.898   40.952   40.952
            1.000000  0.025000  0.025000
   -1.503   -1.495    3.438    3.481    7.056    7.108   16.550   16.582   17.323   17.335
   19.033   19.034   19.658   19.716   25.221   25.281   26.257   26.290   26.780   26.879
   28.145   28.207   31.838   31.917   36.119   36.200   40.398   40.906   40.955   41.403
            1.000000  0.050000  0.050000
   -1.510   -1.477    3.330    3.494    7.072    7.270   16.374   16.488   17.112   17.155
   19.209   19.221   19.748   19.955   24.948   25.123   26.233   26.348   26.817   27.140
   28.194   28.416   31.589   31.877   36.119   36.421   39.847   40.930   40.955   41.628
            1.000000  0.075000  0.075000
   -1.522   -1.447    3.171    3.516    7.098    7.521   16.125   16.343   16.824   16.912
   19.445   19.489   19.886   20.288   24.609   24.886   26.221   26.445   26.880   27.450
   28.272   28.710   31.242   31.813   36.120   36.729   39.290   40.834   40.970   41.151
            1.000000  0.100000  0.100000
   -1.541   -1.405    2.983    3.547    7.133    7.839   15.835   16.159   16.499   16.638
   19.710   19.805   20.060   20.676   24.245   24.596   26.228   26.581   26.968   27.746
   28.371   29.045   30.872   31.731   36.120   37.072   38.745   40.223   41.028   41.088
            1.000000  0.125000  0.125000
   -1.568   -1.351    2.783    3.587    7.179    8.210   15.523   15.948   16.157   16.350
   19.987   20.149   20.259   21.097   23.874   24.279   26.249   26.756   27.082   27.967
   28.470   29.385   30.574   31.644   36.120   37.404   38.225   39.482   41.103   41.122
            1.000000  0.150000  0.150000
   -1.607   -1.286    2.584    3.635    7.235    8.621   15.201   15.719   15.809   16.056
   20.267   20.473   20.508   21.535   23.505   23.953   26.283   26.968   27.223   28.004
   28.578   29.682   30.462   31.586   36.120   37.687   37.739   38.709   41.175   41.198
            1.000000  0.175000  0.175000
   -1.658   -1.208    2.399    3.692    7.301    9.062   14.875   15.463   15.478   15.762
   20.545   20.694   20.876   21.975   23.143   23.635   26.326   27.218   27.391   27.759
   28.751   29.869   30.585   31.617   36.118   37.294   37.883   37.926   41.242   41.313
            1.000000  0.200000  0.200000
   -1.725   -1.119    2.235    3.757    7.376    9.528   14.550   15.121   15.230   15.471
   20.819   20.916   21.246   22.379   22.793   23.363   26.373   27.314   27.503   27.588
   28.974   29.887   30.882   31.796   36.114   36.895   37.141   37.951   41.320   41.447
            1.000000  0.225000  0.225000
   -1.810   -1.018    2.099    3.829    7.461   10.014   14.227   14.787   14.978   15.186
   21.087   21.127   21.614   22.465   22.575   23.308   26.421   26.768   27.814   27.823
   29.227   29.749   31.277   32.114   36.108   36.361   36.543   37.856   41.409   41.417
            1.000000  0.250000  0.250000
   -1.913   -0.905    1.993    3.910    7.554   10.515   13.910   14.462   14.727   14.909
   21.300   21.348   21.979   22.183   22.411   23.619   26.173   26.464   28.068   28.173
   29.505   29.515   31.726   32.519   35.590   36.100   36.236   37.589   41.295   41.508
            0.966667  0.241667  0.241667
   -1.918   -0.906    2.039    3.886    7.528   10.352   13.932   14.344   15.034   15.093
   21.056   21.195   21.884   22.062   22.878   23.532   26.234   26.538   27.584   28.468
   29.404   29.686   31.379   32.592   35.849   36.100   36.293   37.724   41.272   41.414
            0.933333  0.233333  0.233333
   -2.005   -0.828    2.114    3.872    7.514   10.203   13.841   14.129   15.408   15.437
   20.603   20.981   21.512   22.302   23.264   23.681   26.114   26.678   27.068   28.839
   29.445   29.870   30.908   32.860   36.053   36.156   36.272   37.892   40.865   41.206
            0.900000  0.225000  0.225000
   -2.154   -0.690    2.214    3.866    7.513   10.068   13.704   13.905   15.787   15.843
   20.128   20.676   21.172   22.558   23.280   24.217   25.961   26.571   26.751   29.237
   29.610   29.996   30.543   33.179   36.046   36.169   36.423   38.081   40.252   41.156
            0.866667  0.216667  0.216667
   -2.337   -0.513    2.334    3.870    7.524    9.948   13.551   13.681   16.197   16.241
   19.655   20.301   20.877   22.806   23.198   24.801   25.838   26.103   26.748   29.658
   29.698   30.009   30.553   33.521   35.984   36.010   36.718   38.276   39.663   41.130
            0.833333  0.208333  0.208333
   -2.538   -0.312    2.472    3.884    7.547    9.844   13.394   13.456   16.621   16.626
   19.190   19.885   20.625   23.029   23.047   25.274   25.675   25.840   26.705   29.432
   30.098   30.316   30.794   33.875   35.709   35.963   37.024   38.447   39.157   41.131
            0.800000  0.200000  0.200000
   -2.748   -0.095    2.625    3.907    7.580    9.758   13.234   13.236   16.973   17.064
   18.738   19.447   20.419   22.826   23.207   25.309   25.411   26.045   26.773   29.179
   30.555   30.672   31.124   34.235   35.348   35.907   37.339   38.456   38.890   41.158
            0.766667  0.191667  0.191667
   -2.959    0.135    2.790    3.939    7.622    9.691   13.012   13.079   17.279   17.498
   18.314   18.998   20.270   22.546   23.301   25.046   25.342   26.099   27.173   29.009
   30.990   31.024   31.545   34.560   34.945   35.846   37.662   38.189   38.976   41.206
            0.733333  0.183333  0.183333
   -3.170    0.376    2.965    3.981    7.672    9.645   12.792   12.923   17.514   17.731
   18.109   18.547   20.192   22.228   23.265   24.936   25.146   26.097   27.696   28.956
   31.256   31.501   32.037   34.335   35.040   35.784   37.917   37.991   39.132   41.273
            0.700000  0.175000  0.175000
   -3.377    0.627    3.148    4.032    7.728    9.622   12.574   12.768   17.402   17.643
   18.112   18.480   20.190   21.900   23.101   24.844   24.984   26.159   28.094   29.121
   31.473   31.979   32.562   33.838   35.400   35.727   37.692   38.324   39.289   41.353
            0.666667  0.166667  0.166667
   -3.579    0.886    3.338    4.093    7.789    9.624   12.358   12.611   17.020   17.520
   17.837   18.914   20.236   21.606   22.867   24.487   25.139   26.272   28.237   29.580
   31.618   32.449   32.978   33.497   35.685   35.767   37.513   38.656   39.440   41.436
            0.633333  0.158333  0.158333
   -3.775    1.153    3.533    4.163    7.851    9.653   12.144   12.453   16.649   17.110
   17.772   19.330   20.236   21.425   22.629   24.120   25.354   26.415   28.240   30.189
   31.619   32.839   32.895   33.866   35.670   36.112   37.382   38.981   39.586   41.511
            0.600000  0.150000  0.150000
   -3.964    1.428    3.732    4.243    7.912    9.709   11.934   12.290   16.300   16.662
   17.694   19.692   20.083   21.429   22.442   23.778   25.602   26.572   28.188   30.832
   31.387   32.746   33.297   34.455   35.704   36.392   37.333   39.288   39.729   41.559
            0.566667  0.141667  0.141667
   -4.145    1.710    3.932    4.331    7.973    9.794   11.727   12.122   15.974   16.210
   17.588   19.799   19.951   21.542   22.369   23.513   25.870   26.727   28.100   31.002
   31.455   32.842   33.624   35.076   35.815   36.524   37.443   39.555   39.873   41.553
            0.533333  0.133333  0.133333
   -4.317    1.999    4.134    4.429    8.032    9.905   11.525   11.945   15.674   15.762
   17.463   19.461   20.057   21.608   22.463   23.400   26.151   26.854   27.985   30.609
   31.989   33.075   33.849   35.702   36.027   36.510   37.716   39.744   40.017   41.488
            0.500000  0.125000  0.125000
   -4.481    2.294    4.335    4.535    8.090   10.037   11.332   11.760   15.319   15.403
   17.324   19.112   20.011   21.522   22.731   23.501   26.443   26.897   27.883   30.274
   32.361   33.456   33.970   36.220   36.341   36.548   38.069   39.797   40.152   41.411
            0.466667  0.116667  0.116667
   -4.635    2.596    4.535    4.650    8.147   10.182   11.153   11.563   14.886   15.162
   17.168   18.778   19.859   21.300   23.124   23.780   26.742   26.769   27.875   30.024
   32.578   33.933   34.009   36.256   36.731   37.075   38.454   39.679   40.251   41.357
            0.433333  0.108333  0.108333
   -4.780    2.903    4.732    4.772    8.205   10.316   11.009   11.356   14.465   14.951
   16.991   18.476   19.653   21.006   23.593   24.162   26.462   27.049   27.982   29.855
   32.709   33.993   34.370   36.262   37.166   37.707   38.855   39.424   40.267   41.264
            0.400000  0.100000  0.100000
   -4.914    3.216    4.902    4.925    8.264   10.381   10.948   11.138   14.062   14.769
   16.785   18.220   19.425   20.683   24.107   24.592   26.052   27.361   28.153   29.751
   32.795   33.942   34.629   36.437   37.621   38.325   39.094   39.271   40.142   41.058
            0.366667  0.091667  0.091667
   -5.039    3.533    5.039    5.113    8.326   10.324   10.912   11.014   13.688   14.617
   16.550   18.018   19.190   20.351   24.648   25.013   25.631   27.678   28.355   29.692
   32.853   33.869   34.659   36.822   38.072   38.736   38.889   39.647   39.943   40.732
            0.333333  0.083333  0.083333
   -5.153    3.853    5.182    5.295    8.392   10.193   10.679   11.139   13.359   14.491
   16.288   17.869   18.960   20.020   24.978   25.206   25.665   27.999   28.570   29.664
   32.890   33.780   34.538   37.333   38.293   38.587   39.255   39.521   40.313   40.313
            0.300000  0.075000  0.075000
   -5.257    4.175    5.330    5.468    8.461   10.038   10.442   11.240   13.110   14.389
   16.012   17.766   18.741   19.694   24.529   25.773   26.122   28.322   28.789   29.661
   32.910   33.678   34.341   37.889   37.952   38.907   38.975   39.814   39.837   40.893
            0.266667  0.066667  0.066667
   -5.350    4.497    5.481    5.633    8.532    9.878   10.205   11.250   12.985   14.308
   15.733   17.699   18.535   19.377   24.061   26.343   26.617   28.645   29.005   29.678
   32.912   33.564   34.109   37.594   38.398   38.489   39.164   39.524   40.126   41.516
            0.233333  0.058333  0.058333
   -5.432    4.818    5.634    5.787    8.605    9.720    9.972   11.139   13.007   14.246
   15.461   17.660   18.347   19.070   23.611   26.908   27.116   28.967   29.202   29.722
   32.897   33.438   33.859   37.255   37.960   38.688   38.995   39.826   40.390   42.147
            0.200000  0.050000  0.050000
   -5.504    5.132    5.786    5.928    8.678    9.568    9.747   10.936   13.144   14.199
   15.207   17.643   18.179   18.776   23.195   27.462   27.608   29.284   29.358   29.810
   32.863   33.298   33.601   36.943   37.505   38.140   39.502   40.164   40.611   42.763
            0.166667  0.041667  0.041667
   -5.565    5.436    5.933    6.054    8.747    9.421    9.535   10.692   13.343   14.165
   14.978   17.640   18.033   18.499   22.821   27.993   28.085   29.457   29.594   29.952
   32.809   33.143   33.344   36.667   37.085   37.602   39.967   40.466   40.795   43.346
            0.133333  0.033333  0.033333
   -5.614    5.721    6.070    6.163    8.810    9.283    9.344   10.447   13.563   14.140
   14.780   17.647   17.911   18.244   22.499   28.487   28.533   29.510   29.889   30.130
   32.734   32.976   33.093   36.434   36.716   37.100   40.377   40.724   40.943   43.875
            0.100000  0.025000  0.025000
   -5.653    5.976    6.191    6.251    8.865    9.156    9.179   10.230   13.772   14.124
   14.619   17.660   17.814   18.021   22.237   28.921   28.935   29.540   30.162   30.312
   32.644   32.801   32.858   36.247   36.413   36.660   40.721   40.931   41.058   44.328
            0.066667  0.016667  0.016667
   -5.681    6.183    6.287    6.317    8.906    9.047    9.051   10.060   13.947   14.114
   14.499   17.673   17.744   17.844   22.044   29.266   29.266   29.557   30.398   30.475
   32.552   32.634   32.655   36.112   36.188   36.310   40.983   41.082   41.140   44.681
            0.033333  0.008333  0.008333
   -5.698    6.322    6.350    6.358    8.932    8.969    8.970    9.954   14.065   14.108
   14.426   17.683   17.701   17.727   21.925   29.489   29.491   29.567   30.570   30.591
   32.481   32.505   32.509   36.031   36.050   36.083   41.148   41.174   41.189   44.907
            0.000000  0.000000  0.000000
   -5.703    6.372    6.372    6.372    8.941    8.941    8.941    9.918   14.106   14.106
   14.401   17.687   17.687   17.687   21.884   29.569   29.569   29.569   30.634   30.634
   32.454   32.454   32.454   36.003   36.003   36.003   41.205   41.205   41.205   44.986
