#  E (eV)   dos(E)     Int dos(E) EFermi =   -4.424 eV
 -21.000  0.0000E+00  0.0000E+00
 -20.990  0.0000E+00  0.0000E+00
 -20.980  0.0000E+00  0.0000E+00
 -20.970  0.0000E+00  0.0000E+00
 -20.960  0.0000E+00  0.0000E+00
 -20.950  0.0000E+00  0.0000E+00
 -20.940  0.0000E+00  0.0000E+00
 -20.930  0.0000E+00  0.0000E+00
 -20.920  0.0000E+00  0.0000E+00
 -20.910  0.0000E+00  0.0000E+00
 -20.900  0.0000E+00  0.0000E+00
 -20.890  0.0000E+00  0.0000E+00
 -20.880  0.0000E+00  0.0000E+00
 -20.870  0.0000E+00  0.0000E+00
 -20.860  0.0000E+00  0.0000E+00
 -20.850  0.0000E+00  0.0000E+00
 -20.840  0.0000E+00  0.0000E+00
 -20.830  0.0000E+00  0.0000E+00
 -20.820  0.0000E+00  0.0000E+00
 -20.810  0.0000E+00  0.0000E+00
 -20.800  0.0000E+00  0.0000E+00
 -20.790  0.0000E+00  0.0000E+00
 -20.780  0.0000E+00  0.0000E+00
 -20.770  0.0000E+00  0.0000E+00
 -20.760  0.0000E+00  0.0000E+00
 -20.750  0.0000E+00  0.0000E+00
 -20.740  0.0000E+00  0.0000E+00
 -20.730  0.0000E+00  0.0000E+00
 -20.720  0.0000E+00  0.0000E+00
 -20.710  0.0000E+00  0.0000E+00
 -20.700  0.0000E+00  0.0000E+00
 -20.690  0.1250E+02  0.3428E-01
 -20.680  0.6247E+01  0.1167E+00
 -20.670  0.4183E+01  0.1607E+00
 -20.660  0.3134E+01  0.1951E+00
 -20.650  0.2506E+01  0.2256E+00
 -20.640  0.2506E+01  0.2507E+00
 -20.630  0.2094E+01  0.2750E+00
 -20.620  0.2094E+01  0.2960E+00
 -20.610  0.2094E+01  0.3169E+00
 -20.600  0.1796E+01  0.3355E+00
 -20.590  0.1796E+01  0.3534E+00
 -20.580  0.1574E+01  0.3713E+00
 -20.570  0.1574E+01  0.3870E+00
 -20.560  0.1574E+01  0.4027E+00
 -20.550  0.1574E+01  0.4185E+00
 -20.540  0.1401E+01  0.4326E+00
 -20.530  0.1401E+01  0.4467E+00
 -20.520  0.1401E+01  0.4607E+00
 -20.510  0.1263E+01  0.4741E+00
 -20.500  0.1263E+01  0.4868E+00
 -20.490  0.1263E+01  0.4994E+00
 -20.480  0.1263E+01  0.5120E+00
 -20.470  0.1151E+01  0.5241E+00
 -20.460  0.1151E+01  0.5356E+00
 -20.450  0.1151E+01  0.5471E+00
 -20.440  0.1151E+01  0.5587E+00
 -20.430  0.1057E+01  0.5700E+00
 -20.420  0.1057E+01  0.5805E+00
 -20.410  0.1057E+01  0.5911E+00
 -20.400  0.1057E+01  0.6017E+00
 -20.390  0.1057E+01  0.6123E+00
 -20.380  0.9784E+00  0.6224E+00
 -20.370  0.9784E+00  0.6322E+00
 -20.360  0.9784E+00  0.6420E+00
 -20.350  0.9784E+00  0.6518E+00
 -20.340  0.9784E+00  0.6616E+00
 -20.330  0.9109E+00  0.6710E+00
 -20.320  0.9109E+00  0.6801E+00
 -20.310  0.9109E+00  0.6892E+00
 -20.300  0.9109E+00  0.6983E+00
 -20.290  0.9109E+00  0.7075E+00
 -20.280  0.8526E+00  0.7165E+00
 -20.270  0.8526E+00  0.7251E+00
 -20.260  0.8526E+00  0.7336E+00
 -20.250  0.8526E+00  0.7421E+00
 -20.240  0.8526E+00  0.7506E+00
 -20.230  0.8526E+00  0.7592E+00
 -20.220  0.8017E+00  0.7676E+00
 -20.210  0.8017E+00  0.7756E+00
 -20.200  0.8017E+00  0.7836E+00
 -20.190  0.8017E+00  0.7916E+00
 -20.180  0.8017E+00  0.7996E+00
 -20.170  0.8017E+00  0.8076E+00
 -20.160  0.7571E+00  0.8156E+00
 -20.150  0.7571E+00  0.8232E+00
 -20.140  0.7571E+00  0.8308E+00
 -20.130  0.7571E+00  0.8383E+00
 -20.120  0.7571E+00  0.8459E+00
 -20.110  0.7571E+00  0.8535E+00
 -20.100  0.7571E+00  0.8610E+00
 -20.090  0.7175E+00  0.8684E+00
 -20.080  0.7175E+00  0.8755E+00
 -20.070  0.7175E+00  0.8827E+00
 -20.060  0.7175E+00  0.8899E+00
 -20.050  0.7175E+00  0.8971E+00
 -20.040  0.7175E+00  0.9043E+00
 -20.030  0.7175E+00  0.9114E+00
 -20.020  0.6823E+00  0.9184E+00
 -20.010  0.6823E+00  0.9252E+00
 -20.000  0.6823E+00  0.9320E+00
 -19.990  0.6823E+00  0.9388E+00
 -19.980  0.6823E+00  0.9456E+00
 -19.970  0.6823E+00  0.9525E+00
 -19.960  0.6823E+00  0.9593E+00
 -19.950  0.6507E+00  0.9660E+00
 -19.940  0.6507E+00  0.9725E+00
 -19.930  0.6507E+00  0.9790E+00
 -19.920  0.6507E+00  0.9855E+00
 -19.910  0.6507E+00  0.9920E+00
 -19.900  0.6507E+00  0.9985E+00
 -19.890  0.6507E+00  0.1005E+01
 -19.880  0.6507E+00  0.1012E+01
 -19.870  0.6224E+00  0.1018E+01
 -19.860  0.6224E+00  0.1024E+01
 -19.850  0.6224E+00  0.1030E+01
 -19.840  0.6224E+00  0.1036E+01
 -19.830  0.6224E+00  0.1043E+01
 -19.820  0.6224E+00  0.1049E+01
 -19.810  0.6224E+00  0.1055E+01
 -19.800  0.6224E+00  0.1061E+01
 -19.790  0.5967E+00  0.1067E+01
 -19.780  0.5967E+00  0.1073E+01
 -19.770  0.5967E+00  0.1079E+01
 -19.760  0.5967E+00  0.1085E+01
 -19.750  0.5967E+00  0.1091E+01
 -19.740  0.5967E+00  0.1097E+01
 -19.730  0.5967E+00  0.1103E+01
 -19.720  0.5967E+00  0.1109E+01
 -19.710  0.5737E+00  0.1115E+01
 -19.700  0.5737E+00  0.1121E+01
 -19.690  0.5737E+00  0.1126E+01
 -19.680  0.5737E+00  0.1132E+01
 -19.670  0.5737E+00  0.1138E+01
 -19.660  0.5737E+00  0.1144E+01
 -19.650  0.5737E+00  0.1149E+01
 -19.640  0.5737E+00  0.1155E+01
 -19.630  0.5524E+00  0.1161E+01
 -19.620  0.5524E+00  0.1166E+01
 -19.610  0.5524E+00  0.1172E+01
 -19.600  0.5524E+00  0.1177E+01
 -19.590  0.5524E+00  0.1183E+01
 -19.580  0.5524E+00  0.1188E+01
 -19.570  0.5524E+00  0.1194E+01
 -19.560  0.5524E+00  0.1199E+01
 -19.550  0.5524E+00  0.1205E+01
 -19.540  0.5332E+00  0.1210E+01
 -19.530  0.5332E+00  0.1216E+01
 -19.520  0.5332E+00  0.1221E+01
 -19.510  0.5332E+00  0.1226E+01
 -19.500  0.5332E+00  0.1232E+01
 -19.490  0.5332E+00  0.1237E+01
 -19.480  0.5332E+00  0.1242E+01
 -19.470  0.5332E+00  0.1248E+01
 -19.460  0.5332E+00  0.1253E+01
 -19.450  0.5332E+00  0.1258E+01
 -19.440  0.5156E+00  0.1264E+01
 -19.430  0.5156E+00  0.1269E+01
 -19.420  0.5156E+00  0.1274E+01
 -19.410  0.5156E+00  0.1279E+01
 -19.400  0.5156E+00  0.1284E+01
 -19.390  0.5156E+00  0.1289E+01
 -19.380  0.5156E+00  0.1295E+01
 -19.370  0.5156E+00  0.1300E+01
 -19.360  0.5156E+00  0.1305E+01
 -19.350  0.4994E+00  0.1310E+01
 -19.340  0.4994E+00  0.1315E+01
 -19.330  0.4994E+00  0.1320E+01
 -19.320  0.4994E+00  0.1325E+01
 -19.310  0.4994E+00  0.1330E+01
 -19.300  0.4994E+00  0.1335E+01
 -19.290  0.4994E+00  0.1340E+01
 -19.280  0.4994E+00  0.1345E+01
 -19.270  0.4994E+00  0.1350E+01
 -19.260  0.4994E+00  0.1355E+01
 -19.250  0.4846E+00  0.1360E+01
 -19.240  0.4846E+00  0.1365E+01
 -19.230  0.4846E+00  0.1370E+01
 -19.220  0.4846E+00  0.1374E+01
 -19.210  0.4846E+00  0.1379E+01
 -19.200  0.4846E+00  0.1384E+01
 -19.190  0.4846E+00  0.1389E+01
 -19.180  0.4846E+00  0.1394E+01
 -19.170  0.4846E+00  0.1399E+01
 -19.160  0.4846E+00  0.1404E+01
 -19.150  0.4710E+00  0.1408E+01
 -19.140  0.4710E+00  0.1413E+01
 -19.130  0.4710E+00  0.1418E+01
 -19.120  0.4710E+00  0.1422E+01
 -19.110  0.4710E+00  0.1427E+01
 -19.100  0.4710E+00  0.1432E+01
 -19.090  0.4710E+00  0.1437E+01
 -19.080  0.4710E+00  0.1441E+01
 -19.070  0.4710E+00  0.1446E+01
 -19.060  0.4710E+00  0.1451E+01
 -19.050  0.4710E+00  0.1455E+01
 -19.040  0.4585E+00  0.1460E+01
 -19.030  0.4585E+00  0.1465E+01
 -19.020  0.4585E+00  0.1469E+01
 -19.010  0.4585E+00  0.1474E+01
 -19.000  0.4585E+00  0.1478E+01
 -18.990  0.4585E+00  0.1483E+01
 -18.980  0.4585E+00  0.1488E+01
 -18.970  0.4585E+00  0.1492E+01
 -18.960  0.4585E+00  0.1497E+01
 -18.950  0.4585E+00  0.1501E+01
 -18.940  0.4585E+00  0.1506E+01
 -18.930  0.4468E+00  0.1510E+01
 -18.920  0.4468E+00  0.1515E+01
 -18.910  0.4468E+00  0.1519E+01
 -18.900  0.4468E+00  0.1524E+01
 -18.890  0.4468E+00  0.1528E+01
 -18.880  0.4468E+00  0.1533E+01
 -18.870  0.4468E+00  0.1537E+01
 -18.860  0.4468E+00  0.1542E+01
 -18.850  0.4468E+00  0.1546E+01
 -18.840  0.4468E+00  0.1551E+01
 -18.830  0.4468E+00  0.1555E+01
 -18.820  0.4362E+00  0.1559E+01
 -18.810  0.4362E+00  0.1564E+01
 -18.800  0.4362E+00  0.1568E+01
 -18.790  0.4362E+00  0.1573E+01
 -18.780  0.4362E+00  0.1577E+01
 -18.770  0.4362E+00  0.1581E+01
 -18.760  0.4362E+00  0.1586E+01
 -18.750  0.4362E+00  0.1590E+01
 -18.740  0.4362E+00  0.1594E+01
 -18.730  0.4362E+00  0.1599E+01
 -18.720  0.4362E+00  0.1603E+01
 -18.710  0.4263E+00  0.1607E+01
 -18.700  0.4263E+00  0.1612E+01
 -18.690  0.4263E+00  0.1616E+01
 -18.680  0.4263E+00  0.1620E+01
 -18.670  0.4263E+00  0.1624E+01
 -18.660  0.4263E+00  0.1629E+01
 -18.650  0.4263E+00  0.1633E+01
 -18.640  0.4263E+00  0.1637E+01
 -18.630  0.4263E+00  0.1641E+01
 -18.620  0.4263E+00  0.1646E+01
 -18.610  0.4263E+00  0.1650E+01
 -18.600  0.4263E+00  0.1654E+01
 -18.590  0.4174E+00  0.1658E+01
 -18.580  0.4174E+00  0.1663E+01
 -18.570  0.4174E+00  0.1667E+01
 -18.560  0.4174E+00  0.1671E+01
 -18.550  0.4174E+00  0.1675E+01
 -18.540  0.4174E+00  0.1679E+01
 -18.530  0.4174E+00  0.1683E+01
 -18.520  0.4174E+00  0.1688E+01
 -18.510  0.4174E+00  0.1692E+01
 -18.500  0.4174E+00  0.1696E+01
 -18.490  0.4174E+00  0.1700E+01
 -18.480  0.4091E+00  0.1704E+01
 -18.470  0.4091E+00  0.1708E+01
 -18.460  0.4091E+00  0.1713E+01
 -18.450  0.4091E+00  0.1717E+01
 -18.440  0.4091E+00  0.1721E+01
 -18.430  0.4091E+00  0.1725E+01
 -18.420  0.4091E+00  0.1729E+01
 -18.410  0.4091E+00  0.1733E+01
 -18.400  0.4091E+00  0.1737E+01
 -18.390  0.4091E+00  0.1741E+01
 -18.380  0.4091E+00  0.1745E+01
 -18.370  0.4091E+00  0.1749E+01
 -18.360  0.4015E+00  0.1753E+01
 -18.350  0.4015E+00  0.1757E+01
 -18.340  0.4015E+00  0.1761E+01
 -18.330  0.4015E+00  0.1765E+01
 -18.320  0.4015E+00  0.1769E+01
 -18.310  0.4015E+00  0.1774E+01
 -18.300  0.4015E+00  0.1778E+01
 -18.290  0.4015E+00  0.1782E+01
 -18.280  0.4015E+00  0.1786E+01
 -18.270  0.4015E+00  0.1790E+01
 -18.260  0.4015E+00  0.1794E+01
 -18.250  0.4015E+00  0.1798E+01
 -18.240  0.4015E+00  0.1802E+01
 -18.230  0.3945E+00  0.1806E+01
 -18.220  0.3945E+00  0.1810E+01
 -18.210  0.3945E+00  0.1813E+01
 -18.200  0.3945E+00  0.1817E+01
 -18.190  0.3945E+00  0.1821E+01
 -18.180  0.3945E+00  0.1825E+01
 -18.170  0.3945E+00  0.1829E+01
 -18.160  0.3945E+00  0.1833E+01
 -18.150  0.3945E+00  0.1837E+01
 -18.140  0.3945E+00  0.1841E+01
 -18.130  0.3945E+00  0.1845E+01
 -18.120  0.3945E+00  0.1849E+01
 -18.110  0.3880E+00  0.1853E+01
 -18.100  0.3880E+00  0.1857E+01
 -18.090  0.3880E+00  0.1861E+01
 -18.080  0.3880E+00  0.1865E+01
 -18.070  0.3880E+00  0.1868E+01
 -18.060  0.3880E+00  0.1872E+01
 -18.050  0.3880E+00  0.1876E+01
 -18.040  0.3880E+00  0.1880E+01
 -18.030  0.3880E+00  0.1884E+01
 -18.020  0.3880E+00  0.1888E+01
 -18.010  0.3880E+00  0.1892E+01
 -18.000  0.3880E+00  0.1896E+01
 -17.990  0.3880E+00  0.1899E+01
 -17.980  0.3822E+00  0.1903E+01
 -17.970  0.3822E+00  0.1907E+01
 -17.960  0.3822E+00  0.1911E+01
 -17.950  0.3822E+00  0.1915E+01
 -17.940  0.3822E+00  0.1919E+01
 -17.930  0.3822E+00  0.1922E+01
 -17.920  0.3822E+00  0.1926E+01
 -17.910  0.3822E+00  0.1930E+01
 -17.900  0.3822E+00  0.1934E+01
 -17.890  0.3822E+00  0.1938E+01
 -17.880  0.3822E+00  0.1942E+01
 -17.870  0.3822E+00  0.1945E+01
 -17.860  0.3822E+00  0.1949E+01
 -17.850  0.3783E+00  0.1953E+01
 -17.840  0.3783E+00  0.1957E+01
 -17.830  0.3783E+00  0.1961E+01
 -17.820  0.3783E+00  0.1964E+01
 -17.810  0.3783E+00  0.1968E+01
 -17.800  0.3783E+00  0.1972E+01
 -17.790  0.3783E+00  0.1976E+01
 -17.780  0.3783E+00  0.1979E+01
 -17.770  0.3783E+00  0.1983E+01
 -17.760  0.3783E+00  0.1987E+01
 -17.750  0.3783E+00  0.1991E+01
 -17.740  0.3783E+00  0.1995E+01
 -17.730  0.3783E+00  0.1998E+01
 -17.720  0.3736E+00  0.2002E+01
 -17.710  0.3736E+00  0.2005E+01
 -17.700  0.3736E+00  0.2009E+01
 -17.690  0.3736E+00  0.2013E+01
 -17.680  0.3736E+00  0.2017E+01
 -17.670  0.3736E+00  0.2020E+01
 -17.660  0.3736E+00  0.2024E+01
 -17.650  0.3736E+00  0.2028E+01
 -17.640  0.3736E+00  0.2032E+01
 -17.630  0.3736E+00  0.2035E+01
 -17.620  0.3736E+00  0.2039E+01
 -17.610  0.3736E+00  0.2043E+01
 -17.600  0.3736E+00  0.2047E+01
 -17.590  0.3679E+00  0.2050E+01
 -17.580  0.3679E+00  0.2054E+01
 -17.570  0.3679E+00  0.2058E+01
 -17.560  0.3679E+00  0.2061E+01
 -17.550  0.3679E+00  0.2065E+01
 -17.540  0.3679E+00  0.2069E+01
 -17.530  0.3679E+00  0.2072E+01
 -17.520  0.3679E+00  0.2076E+01
 -17.510  0.3679E+00  0.2080E+01
 -17.500  0.3679E+00  0.2083E+01
 -17.490  0.3679E+00  0.2087E+01
 -17.480  0.3679E+00  0.2091E+01
 -17.470  0.3679E+00  0.2094E+01
 -17.460  0.3679E+00  0.2098E+01
 -17.450  0.3642E+00  0.2102E+01
 -17.440  0.3642E+00  0.2105E+01
 -17.430  0.3642E+00  0.2109E+01
 -17.420  0.3642E+00  0.2113E+01
 -17.410  0.3642E+00  0.2116E+01
 -17.400  0.3642E+00  0.2120E+01
 -17.390  0.3642E+00  0.2124E+01
 -17.380  0.3642E+00  0.2127E+01
 -17.370  0.3642E+00  0.2131E+01
 -17.360  0.3642E+00  0.2135E+01
 -17.350  0.3642E+00  0.2138E+01
 -17.340  0.3642E+00  0.2142E+01
 -17.330  0.3642E+00  0.2145E+01
 -17.320  0.3609E+00  0.2149E+01
 -17.310  0.3609E+00  0.2153E+01
 -17.300  0.3609E+00  0.2156E+01
 -17.290  0.3609E+00  0.2160E+01
 -17.280  0.3609E+00  0.2164E+01
 -17.270  0.3609E+00  0.2167E+01
 -17.260  0.3609E+00  0.2171E+01
 -17.250  0.3609E+00  0.2174E+01
 -17.240  0.3609E+00  0.2178E+01
 -17.230  0.3609E+00  0.2182E+01
 -17.220  0.3609E+00  0.2185E+01
 -17.210  0.3609E+00  0.2189E+01
 -17.200  0.3609E+00  0.2192E+01
 -17.190  0.3609E+00  0.2196E+01
 -17.180  0.3582E+00  0.2200E+01
 -17.170  0.3582E+00  0.2203E+01
 -17.160  0.3582E+00  0.2207E+01
 -17.150  0.3582E+00  0.2210E+01
 -17.140  0.3582E+00  0.2214E+01
 -17.130  0.3582E+00  0.2218E+01
 -17.120  0.3582E+00  0.2221E+01
 -17.110  0.3582E+00  0.2225E+01
 -17.100  0.3582E+00  0.2228E+01
 -17.090  0.3582E+00  0.2232E+01
 -17.080  0.3582E+00  0.2235E+01
 -17.070  0.3582E+00  0.2239E+01
 -17.060  0.3582E+00  0.2243E+01
 -17.050  0.3582E+00  0.2246E+01
 -17.040  0.3559E+00  0.2250E+01
 -17.030  0.3559E+00  0.2253E+01
 -17.020  0.3559E+00  0.2257E+01
 -17.010  0.3559E+00  0.2260E+01
 -17.000  0.3559E+00  0.2264E+01
 -16.990  0.3559E+00  0.2268E+01
 -16.980  0.3559E+00  0.2271E+01
 -16.970  0.3559E+00  0.2275E+01
 -16.960  0.3559E+00  0.2278E+01
 -16.950  0.3559E+00  0.2282E+01
 -16.940  0.3559E+00  0.2285E+01
 -16.930  0.3559E+00  0.2289E+01
 -16.920  0.3559E+00  0.2292E+01
 -16.910  0.3559E+00  0.2296E+01
 -16.900  0.3541E+00  0.2300E+01
 -16.890  0.3541E+00  0.2303E+01
 -16.880  0.3541E+00  0.2307E+01
 -16.870  0.3541E+00  0.2310E+01
 -16.860  0.3541E+00  0.2314E+01
 -16.850  0.3541E+00  0.2317E+01
 -16.840  0.3541E+00  0.2321E+01
 -16.830  0.3541E+00  0.2324E+01
 -16.820  0.3541E+00  0.2328E+01
 -16.810  0.3541E+00  0.2331E+01
 -16.800  0.3541E+00  0.2335E+01
 -16.790  0.3541E+00  0.2339E+01
 -16.780  0.3541E+00  0.2342E+01
 -16.770  0.3541E+00  0.2346E+01
 -16.760  0.3528E+00  0.2349E+01
 -16.750  0.3528E+00  0.2353E+01
 -16.740  0.3528E+00  0.2356E+01
 -16.730  0.3528E+00  0.2360E+01
 -16.720  0.3528E+00  0.2363E+01
 -16.710  0.3528E+00  0.2367E+01
 -16.700  0.3528E+00  0.2370E+01
 -16.690  0.3528E+00  0.2374E+01
 -16.680  0.3528E+00  0.2377E+01
 -16.670  0.3528E+00  0.2381E+01
 -16.660  0.3528E+00  0.2384E+01
 -16.650  0.3528E+00  0.2388E+01
 -16.640  0.3528E+00  0.2391E+01
 -16.630  0.3528E+00  0.2395E+01
 -16.620  0.3520E+00  0.2399E+01
 -16.610  0.3520E+00  0.2402E+01
 -16.600  0.3520E+00  0.2406E+01
 -16.590  0.3520E+00  0.2409E+01
 -16.580  0.3520E+00  0.2413E+01
 -16.570  0.3520E+00  0.2416E+01
 -16.560  0.3520E+00  0.2420E+01
 -16.550  0.3520E+00  0.2423E+01
 -16.540  0.3520E+00  0.2427E+01
 -16.530  0.3520E+00  0.2430E+01
 -16.520  0.3520E+00  0.2434E+01
 -16.510  0.3520E+00  0.2437E+01
 -16.500  0.3520E+00  0.2441E+01
 -16.490  0.3520E+00  0.2444E+01
 -16.480  0.3518E+00  0.2448E+01
 -16.470  0.3518E+00  0.2451E+01
 -16.460  0.3518E+00  0.2455E+01
 -16.450  0.3518E+00  0.2458E+01
 -16.440  0.3518E+00  0.2462E+01
 -16.430  0.3518E+00  0.2465E+01
 -16.420  0.3518E+00  0.2469E+01
 -16.410  0.3518E+00  0.2472E+01
 -16.400  0.3518E+00  0.2476E+01
 -16.390  0.3518E+00  0.2479E+01
 -16.380  0.3518E+00  0.2483E+01
 -16.370  0.3518E+00  0.2486E+01
 -16.360  0.3518E+00  0.2490E+01
 -16.350  0.3518E+00  0.2494E+01
 -16.340  0.3521E+00  0.2497E+01
 -16.330  0.3521E+00  0.2501E+01
 -16.320  0.3521E+00  0.2504E+01
 -16.310  0.3521E+00  0.2508E+01
 -16.300  0.3521E+00  0.2511E+01
 -16.290  0.3521E+00  0.2515E+01
 -16.280  0.3521E+00  0.2518E+01
 -16.270  0.3521E+00  0.2522E+01
 -16.260  0.3521E+00  0.2525E+01
 -16.250  0.3521E+00  0.2529E+01
 -16.240  0.3521E+00  0.2532E+01
 -16.230  0.3521E+00  0.2536E+01
 -16.220  0.3521E+00  0.2539E+01
 -16.210  0.3521E+00  0.2543E+01
 -16.200  0.3529E+00  0.2546E+01
 -16.190  0.3529E+00  0.2550E+01
 -16.180  0.3529E+00  0.2553E+01
 -16.170  0.3529E+00  0.2557E+01
 -16.160  0.3529E+00  0.2560E+01
 -16.150  0.3529E+00  0.2564E+01
 -16.140  0.3529E+00  0.2568E+01
 -16.130  0.3529E+00  0.2571E+01
 -16.120  0.3529E+00  0.2575E+01
 -16.110  0.3529E+00  0.2578E+01
 -16.100  0.3529E+00  0.2582E+01
 -16.090  0.3529E+00  0.2585E+01
 -16.080  0.3529E+00  0.2589E+01
 -16.070  0.3529E+00  0.2592E+01
 -16.060  0.3544E+00  0.2596E+01
 -16.050  0.3544E+00  0.2599E+01
 -16.040  0.3544E+00  0.2603E+01
 -16.030  0.3544E+00  0.2606E+01
 -16.020  0.3544E+00  0.2610E+01
 -16.010  0.3544E+00  0.2613E+01
 -16.000  0.3544E+00  0.2617E+01
 -15.990  0.3544E+00  0.2621E+01
 -15.980  0.3544E+00  0.2624E+01
 -15.970  0.3544E+00  0.2628E+01
 -15.960  0.3544E+00  0.2631E+01
 -15.950  0.3544E+00  0.2635E+01
 -15.940  0.3544E+00  0.2638E+01
 -15.930  0.3544E+00  0.2642E+01
 -15.920  0.3566E+00  0.2645E+01
 -15.910  0.3566E+00  0.2649E+01
 -15.900  0.3566E+00  0.2653E+01
 -15.890  0.3566E+00  0.2656E+01
 -15.880  0.3566E+00  0.2660E+01
 -15.870  0.3566E+00  0.2663E+01
 -15.860  0.3566E+00  0.2667E+01
 -15.850  0.3566E+00  0.2670E+01
 -15.840  0.3566E+00  0.2674E+01
 -15.830  0.3566E+00  0.2677E+01
 -15.820  0.3566E+00  0.2681E+01
 -15.810  0.3566E+00  0.2685E+01
 -15.800  0.3566E+00  0.2688E+01
 -15.790  0.3594E+00  0.2692E+01
 -15.780  0.3594E+00  0.2695E+01
 -15.770  0.3594E+00  0.2699E+01
 -15.760  0.3594E+00  0.2703E+01
 -15.750  0.3594E+00  0.2706E+01
 -15.740  0.3594E+00  0.2710E+01
 -15.730  0.3594E+00  0.2713E+01
 -15.720  0.3594E+00  0.2717E+01
 -15.710  0.3594E+00  0.2721E+01
 -15.700  0.3594E+00  0.2724E+01
 -15.690  0.3594E+00  0.2728E+01
 -15.680  0.3594E+00  0.2731E+01
 -15.670  0.3594E+00  0.2735E+01
 -15.660  0.3594E+00  0.2738E+01
 -15.650  0.3630E+00  0.2742E+01
 -15.640  0.3630E+00  0.2746E+01
 -15.630  0.3630E+00  0.2749E+01
 -15.620  0.3630E+00  0.2753E+01
 -15.610  0.3630E+00  0.2757E+01
 -15.600  0.3630E+00  0.2760E+01
 -15.590  0.3630E+00  0.2764E+01
 -15.580  0.3630E+00  0.2767E+01
 -15.570  0.3630E+00  0.2771E+01
 -15.560  0.3630E+00  0.2775E+01
 -15.550  0.3630E+00  0.2778E+01
 -15.540  0.3630E+00  0.2782E+01
 -15.530  0.3630E+00  0.2786E+01
 -15.520  0.3630E+00  0.2789E+01
 -15.510  0.3675E+00  0.2793E+01
 -15.500  0.3675E+00  0.2797E+01
 -15.490  0.3675E+00  0.2800E+01
 -15.480  0.3675E+00  0.2804E+01
 -15.470  0.3675E+00  0.2808E+01
 -15.460  0.3675E+00  0.2811E+01
 -15.450  0.3675E+00  0.2815E+01
 -15.440  0.3675E+00  0.2819E+01
 -15.430  0.3675E+00  0.2822E+01
 -15.420  0.3675E+00  0.2826E+01
 -15.410  0.3675E+00  0.2830E+01
 -15.400  0.3675E+00  0.2833E+01
 -15.390  0.3675E+00  0.2837E+01
 -15.380  0.3728E+00  0.2841E+01
 -15.370  0.3728E+00  0.2844E+01
 -15.360  0.3728E+00  0.2848E+01
 -15.350  0.3728E+00  0.2852E+01
 -15.340  0.3728E+00  0.2856E+01
 -15.330  0.3728E+00  0.2859E+01
 -15.320  0.3728E+00  0.2863E+01
 -15.310  0.3728E+00  0.2867E+01
 -15.300  0.3728E+00  0.2871E+01
 -15.290  0.3728E+00  0.2874E+01
 -15.280  0.3728E+00  0.2878E+01
 -15.270  0.3728E+00  0.2882E+01
 -15.260  0.3728E+00  0.2885E+01
 -15.250  0.3793E+00  0.2889E+01
 -15.240  0.3793E+00  0.2893E+01
 -15.230  0.3793E+00  0.2897E+01
 -15.220  0.3793E+00  0.2901E+01
 -15.210  0.3793E+00  0.2904E+01
 -15.200  0.3793E+00  0.2908E+01
 -15.190  0.3793E+00  0.2912E+01
 -15.180  0.3793E+00  0.2916E+01
 -15.170  0.3793E+00  0.2920E+01
 -15.160  0.3793E+00  0.2923E+01
 -15.150  0.3793E+00  0.2927E+01
 -15.140  0.3793E+00  0.2931E+01
 -15.130  0.3793E+00  0.2935E+01
 -15.120  0.3868E+00  0.2939E+01
 -15.110  0.3868E+00  0.2942E+01
 -15.100  0.3868E+00  0.2946E+01
 -15.090  0.3868E+00  0.2950E+01
 -15.080  0.3868E+00  0.2954E+01
 -15.070  0.3868E+00  0.2958E+01
 -15.060  0.3868E+00  0.2962E+01
 -15.050  0.3868E+00  0.2966E+01
 -15.040  0.3868E+00  0.2969E+01
 -15.030  0.3868E+00  0.2973E+01
 -15.020  0.3868E+00  0.2977E+01
 -15.010  0.3868E+00  0.2981E+01
 -15.000  0.3868E+00  0.2985E+01
 -14.990  0.3957E+00  0.2989E+01
 -14.980  0.3957E+00  0.2993E+01
 -14.970  0.3957E+00  0.2997E+01
 -14.960  0.3957E+00  0.3001E+01
 -14.950  0.3957E+00  0.3005E+01
 -14.940  0.3957E+00  0.3009E+01
 -14.930  0.3957E+00  0.3013E+01
 -14.920  0.3957E+00  0.3017E+01
 -14.910  0.3957E+00  0.3020E+01
 -14.900  0.3957E+00  0.3024E+01
 -14.890  0.3957E+00  0.3028E+01
 -14.880  0.3957E+00  0.3032E+01
 -14.870  0.3957E+00  0.3036E+01
 -14.860  0.4062E+00  0.3040E+01
 -14.850  0.4062E+00  0.3044E+01
 -14.840  0.4062E+00  0.3048E+01
 -14.830  0.4062E+00  0.3053E+01
 -14.820  0.4062E+00  0.3057E+01
 -14.810  0.4062E+00  0.3061E+01
 -14.800  0.4062E+00  0.3065E+01
 -14.790  0.4062E+00  0.3069E+01
 -14.780  0.4062E+00  0.3073E+01
 -14.770  0.4062E+00  0.3077E+01
 -14.760  0.4062E+00  0.3081E+01
 -14.750  0.4062E+00  0.3085E+01
 -14.740  0.4184E+00  0.3089E+01
 -14.730  0.4184E+00  0.3093E+01
 -14.720  0.4184E+00  0.3098E+01
 -14.710  0.4184E+00  0.3102E+01
 -14.700  0.4184E+00  0.3106E+01
 -14.690  0.4184E+00  0.3110E+01
 -14.680  0.4184E+00  0.3114E+01
 -14.670  0.4184E+00  0.3118E+01
 -14.660  0.4184E+00  0.3123E+01
 -14.650  0.4184E+00  0.3127E+01
 -14.640  0.4184E+00  0.3131E+01
 -14.630  0.4184E+00  0.3135E+01
 -14.620  0.4327E+00  0.3139E+01
 -14.610  0.4327E+00  0.3144E+01
 -14.600  0.4327E+00  0.3148E+01
 -14.590  0.4327E+00  0.3152E+01
 -14.580  0.4327E+00  0.3157E+01
 -14.570  0.4327E+00  0.3161E+01
 -14.560  0.4327E+00  0.3165E+01
 -14.550  0.4327E+00  0.3170E+01
 -14.540  0.4327E+00  0.3174E+01
 -14.530  0.4327E+00  0.3178E+01
 -14.520  0.4327E+00  0.3183E+01
 -14.510  0.4494E+00  0.3187E+01
 -14.500  0.4494E+00  0.3192E+01
 -14.490  0.4494E+00  0.3196E+01
 -14.480  0.4494E+00  0.3201E+01
 -14.470  0.4494E+00  0.3205E+01
 -14.460  0.4494E+00  0.3210E+01
 -14.450  0.4494E+00  0.3214E+01
 -14.440  0.4494E+00  0.3219E+01
 -14.430  0.4494E+00  0.3223E+01
 -14.420  0.4494E+00  0.3228E+01
 -14.410  0.4494E+00  0.3232E+01
 -14.400  0.4691E+00  0.3237E+01
 -14.390  0.4691E+00  0.3241E+01
 -14.380  0.4691E+00  0.3246E+01
 -14.370  0.4691E+00  0.3251E+01
 -14.360  0.4691E+00  0.3255E+01
 -14.350  0.4691E+00  0.3260E+01
 -14.340  0.4691E+00  0.3265E+01
 -14.330  0.4691E+00  0.3270E+01
 -14.320  0.4691E+00  0.3274E+01
 -14.310  0.4691E+00  0.3279E+01
 -14.300  0.4691E+00  0.3284E+01
 -14.290  0.4922E+00  0.3289E+01
 -14.280  0.4922E+00  0.3293E+01
 -14.270  0.4922E+00  0.3298E+01
 -14.260  0.4922E+00  0.3303E+01
 -14.250  0.4922E+00  0.3308E+01
 -14.240  0.4922E+00  0.3313E+01
 -14.230  0.4922E+00  0.3318E+01
 -14.220  0.4922E+00  0.3323E+01
 -14.210  0.4922E+00  0.3328E+01
 -14.200  0.4922E+00  0.3333E+01
 -14.190  0.5197E+00  0.3338E+01
 -14.180  0.5197E+00  0.3343E+01
 -14.170  0.5197E+00  0.3348E+01
 -14.160  0.5197E+00  0.3354E+01
 -14.150  0.5197E+00  0.3359E+01
 -14.140  0.5197E+00  0.3364E+01
 -14.130  0.5197E+00  0.3369E+01
 -14.120  0.5197E+00  0.3374E+01
 -14.110  0.5197E+00  0.3380E+01
 -14.100  0.5527E+00  0.3385E+01
 -14.090  0.5527E+00  0.3390E+01
 -14.080  0.5527E+00  0.3396E+01
 -14.070  0.5527E+00  0.3401E+01
 -14.060  0.5527E+00  0.3407E+01
 -14.050  0.5527E+00  0.3413E+01
 -14.040  0.5527E+00  0.3418E+01
 -14.030  0.5527E+00  0.3424E+01
 -14.020  0.5527E+00  0.3429E+01
 -14.010  0.5925E+00  0.3435E+01
 -14.000  0.5925E+00  0.3441E+01
 -13.990  0.5925E+00  0.3447E+01
 -13.980  0.5925E+00  0.3453E+01
 -13.970  0.5925E+00  0.3459E+01
 -13.960  0.5925E+00  0.3464E+01
 -13.950  0.5925E+00  0.3470E+01
 -13.940  0.5925E+00  0.3476E+01
 -13.930  0.6415E+00  0.3482E+01
 -13.920  0.6415E+00  0.3489E+01
 -13.910  0.6415E+00  0.3495E+01
 -13.900  0.6415E+00  0.3502E+01
 -13.890  0.6415E+00  0.3508E+01
 -13.880  0.6415E+00  0.3514E+01
 -13.870  0.6415E+00  0.3521E+01
 -13.860  0.6415E+00  0.3527E+01
 -13.850  0.7022E+00  0.3534E+01
 -13.840  0.7022E+00  0.3541E+01
 -13.830  0.7022E+00  0.3548E+01
 -13.820  0.7022E+00  0.3555E+01
 -13.810  0.7022E+00  0.3562E+01
 -13.800  0.7022E+00  0.3569E+01
 -13.790  0.7022E+00  0.3576E+01
 -13.780  0.7795E+00  0.3583E+01
 -13.770  0.7795E+00  0.3591E+01
 -13.760  0.7795E+00  0.3599E+01
 -13.750  0.7795E+00  0.3607E+01
 -13.740  0.7795E+00  0.3614E+01
 -13.730  0.7795E+00  0.3622E+01
 -13.720  0.8801E+00  0.3630E+01
 -13.710  0.8801E+00  0.3639E+01
 -13.700  0.8801E+00  0.3648E+01
 -13.690  0.8801E+00  0.3657E+01
 -13.680  0.8801E+00  0.3665E+01
 -13.670  0.8801E+00  0.3674E+01
 -13.660  0.1016E+01  0.3684E+01
 -13.650  0.1016E+01  0.3694E+01
 -13.640  0.1016E+01  0.3704E+01
 -13.630  0.1016E+01  0.3714E+01
 -13.620  0.1016E+01  0.3724E+01
 -13.610  0.1208E+01  0.3735E+01
 -13.600  0.1208E+01  0.3748E+01
 -13.590  0.1208E+01  0.3760E+01
 -13.580  0.1208E+01  0.3772E+01
 -13.570  0.1499E+01  0.3785E+01
 -13.560  0.1499E+01  0.3800E+01
 -13.550  0.1499E+01  0.3815E+01
 -13.540  0.1988E+01  0.3831E+01
 -13.530  0.1988E+01  0.3851E+01
 -13.520  0.1988E+01  0.3871E+01
 -13.510  0.2965E+01  0.3898E+01
 -13.500  0.5924E+01  0.3929E+01
 -13.490  0.0000E+00  0.4000E+01
 -13.480  0.0000E+00  0.4000E+01
 -13.470  0.0000E+00  0.4000E+01
 -13.460  0.0000E+00  0.4000E+01
 -13.450  0.0000E+00  0.4000E+01
 -13.440  0.0000E+00  0.4000E+01
 -13.430  0.0000E+00  0.4000E+01
 -13.420  0.0000E+00  0.4000E+01
 -13.410  0.0000E+00  0.4000E+01
 -13.400  0.0000E+00  0.4000E+01
 -13.390  0.0000E+00  0.4000E+01
 -13.380  0.0000E+00  0.4000E+01
 -13.370  0.0000E+00  0.4000E+01
 -13.360  0.0000E+00  0.4000E+01
 -13.350  0.0000E+00  0.4000E+01
 -13.340  0.0000E+00  0.4000E+01
 -13.330  0.0000E+00  0.4000E+01
 -13.320  0.0000E+00  0.4000E+01
 -13.310  0.0000E+00  0.4000E+01
 -13.300  0.0000E+00  0.4000E+01
 -13.290  0.0000E+00  0.4000E+01
 -13.280  0.0000E+00  0.4000E+01
 -13.270  0.0000E+00  0.4000E+01
 -13.260  0.0000E+00  0.4000E+01
 -13.250  0.0000E+00  0.4000E+01
 -13.240  0.0000E+00  0.4000E+01
 -13.230  0.0000E+00  0.4000E+01
 -13.220  0.0000E+00  0.4000E+01
 -13.210  0.0000E+00  0.4000E+01
 -13.200  0.0000E+00  0.4000E+01
 -13.190  0.0000E+00  0.4000E+01
 -13.180  0.0000E+00  0.4000E+01
 -13.170  0.0000E+00  0.4000E+01
 -13.160  0.0000E+00  0.4000E+01
 -13.150  0.0000E+00  0.4000E+01
 -13.140  0.0000E+00  0.4000E+01
 -13.130  0.0000E+00  0.4000E+01
 -13.120  0.0000E+00  0.4000E+01
 -13.110  0.0000E+00  0.4000E+01
 -13.100  0.0000E+00  0.4000E+01
 -13.090  0.0000E+00  0.4000E+01
 -13.080  0.0000E+00  0.4000E+01
 -13.070  0.0000E+00  0.4000E+01
 -13.060  0.0000E+00  0.4000E+01
 -13.050  0.0000E+00  0.4000E+01
 -13.040  0.0000E+00  0.4000E+01
 -13.030  0.0000E+00  0.4000E+01
 -13.020  0.0000E+00  0.4000E+01
 -13.010  0.0000E+00  0.4000E+01
 -13.000  0.0000E+00  0.4000E+01
 -12.990  0.0000E+00  0.4000E+01
 -12.980  0.0000E+00  0.4000E+01
 -12.970  0.0000E+00  0.4000E+01
 -12.960  0.0000E+00  0.4000E+01
 -12.950  0.0000E+00  0.4000E+01
 -12.940  0.0000E+00  0.4000E+01
 -12.930  0.0000E+00  0.4000E+01
 -12.920  0.0000E+00  0.4000E+01
 -12.910  0.0000E+00  0.4000E+01
 -12.900  0.0000E+00  0.4000E+01
 -12.890  0.0000E+00  0.4000E+01
 -12.880  0.0000E+00  0.4000E+01
 -12.870  0.0000E+00  0.4000E+01
 -12.860  0.0000E+00  0.4000E+01
 -12.850  0.0000E+00  0.4000E+01
 -12.840  0.0000E+00  0.4000E+01
 -12.830  0.0000E+00  0.4000E+01
 -12.820  0.0000E+00  0.4000E+01
 -12.810  0.0000E+00  0.4000E+01
 -12.800  0.0000E+00  0.4000E+01
 -12.790  0.0000E+00  0.4000E+01
 -12.780  0.0000E+00  0.4000E+01
 -12.770  0.0000E+00  0.4000E+01
 -12.760  0.0000E+00  0.4000E+01
 -12.750  0.0000E+00  0.4000E+01
 -12.740  0.0000E+00  0.4000E+01
 -12.730  0.0000E+00  0.4000E+01
 -12.720  0.0000E+00  0.4000E+01
 -12.710  0.0000E+00  0.4000E+01
 -12.700  0.0000E+00  0.4000E+01
 -12.690  0.0000E+00  0.4000E+01
 -12.680  0.0000E+00  0.4000E+01
 -12.670  0.0000E+00  0.4000E+01
 -12.660  0.0000E+00  0.4000E+01
 -12.650  0.0000E+00  0.4000E+01
 -12.640  0.0000E+00  0.4000E+01
 -12.630  0.0000E+00  0.4000E+01
 -12.620  0.0000E+00  0.4000E+01
 -12.610  0.0000E+00  0.4000E+01
 -12.600  0.0000E+00  0.4000E+01
 -12.590  0.0000E+00  0.4000E+01
 -12.580  0.0000E+00  0.4000E+01
 -12.570  0.0000E+00  0.4000E+01
 -12.560  0.0000E+00  0.4000E+01
 -12.550  0.0000E+00  0.4000E+01
 -12.540  0.0000E+00  0.4000E+01
 -12.530  0.0000E+00  0.4000E+01
 -12.520  0.0000E+00  0.4000E+01
 -12.510  0.0000E+00  0.4000E+01
 -12.500  0.0000E+00  0.4000E+01
 -12.490  0.0000E+00  0.4000E+01
 -12.480  0.0000E+00  0.4000E+01
 -12.470  0.0000E+00  0.4000E+01
 -12.460  0.0000E+00  0.4000E+01
 -12.450  0.0000E+00  0.4000E+01
 -12.440  0.0000E+00  0.4000E+01
 -12.430  0.0000E+00  0.4000E+01
 -12.420  0.0000E+00  0.4000E+01
 -12.410  0.0000E+00  0.4000E+01
 -12.400  0.0000E+00  0.4000E+01
 -12.390  0.0000E+00  0.4000E+01
 -12.380  0.0000E+00  0.4000E+01
 -12.370  0.0000E+00  0.4000E+01
 -12.360  0.0000E+00  0.4000E+01
 -12.350  0.0000E+00  0.4000E+01
 -12.340  0.0000E+00  0.4000E+01
 -12.330  0.0000E+00  0.4000E+01
 -12.320  0.0000E+00  0.4000E+01
 -12.310  0.0000E+00  0.4000E+01
 -12.300  0.0000E+00  0.4000E+01
 -12.290  0.0000E+00  0.4000E+01
 -12.280  0.0000E+00  0.4000E+01
 -12.270  0.0000E+00  0.4000E+01
 -12.260  0.0000E+00  0.4000E+01
 -12.250  0.0000E+00  0.4000E+01
 -12.240  0.0000E+00  0.4000E+01
 -12.230  0.0000E+00  0.4000E+01
 -12.220  0.0000E+00  0.4000E+01
 -12.210  0.0000E+00  0.4000E+01
 -12.200  0.0000E+00  0.4000E+01
 -12.190  0.0000E+00  0.4000E+01
 -12.180  0.0000E+00  0.4000E+01
 -12.170  0.0000E+00  0.4000E+01
 -12.160  0.0000E+00  0.4000E+01
 -12.150  0.0000E+00  0.4000E+01
 -12.140  0.0000E+00  0.4000E+01
 -12.130  0.0000E+00  0.4000E+01
 -12.120  0.0000E+00  0.4000E+01
 -12.110  0.0000E+00  0.4000E+01
 -12.100  0.0000E+00  0.4000E+01
 -12.090  0.0000E+00  0.4000E+01
 -12.080  0.0000E+00  0.4000E+01
 -12.070  0.0000E+00  0.4000E+01
 -12.060  0.0000E+00  0.4000E+01
 -12.050  0.0000E+00  0.4000E+01
 -12.040  0.0000E+00  0.4000E+01
 -12.030  0.0000E+00  0.4000E+01
 -12.020  0.0000E+00  0.4000E+01
 -12.010  0.0000E+00  0.4000E+01
 -12.000  0.0000E+00  0.4000E+01
 -11.990  0.0000E+00  0.4000E+01
 -11.980  0.0000E+00  0.4000E+01
 -11.970  0.0000E+00  0.4000E+01
 -11.960  0.0000E+00  0.4000E+01
 -11.950  0.0000E+00  0.4000E+01
 -11.940  0.0000E+00  0.4000E+01
 -11.930  0.0000E+00  0.4000E+01
 -11.920  0.0000E+00  0.4000E+01
 -11.910  0.0000E+00  0.4000E+01
 -11.900  0.0000E+00  0.4000E+01
 -11.890  0.0000E+00  0.4000E+01
 -11.880  0.0000E+00  0.4000E+01
 -11.870  0.0000E+00  0.4000E+01
 -11.860  0.0000E+00  0.4000E+01
 -11.850  0.0000E+00  0.4000E+01
 -11.840  0.0000E+00  0.4000E+01
 -11.830  0.0000E+00  0.4000E+01
 -11.820  0.0000E+00  0.4000E+01
 -11.810  0.0000E+00  0.4000E+01
 -11.800  0.0000E+00  0.4000E+01
 -11.790  0.0000E+00  0.4000E+01
 -11.780  0.0000E+00  0.4000E+01
 -11.770  0.0000E+00  0.4000E+01
 -11.760  0.0000E+00  0.4000E+01
 -11.750  0.0000E+00  0.4000E+01
 -11.740  0.0000E+00  0.4000E+01
 -11.730  0.0000E+00  0.4000E+01
 -11.720  0.0000E+00  0.4000E+01
 -11.710  0.0000E+00  0.4000E+01
 -11.700  0.0000E+00  0.4000E+01
 -11.690  0.0000E+00  0.4000E+01
 -11.680  0.0000E+00  0.4000E+01
 -11.670  0.0000E+00  0.4000E+01
 -11.660  0.0000E+00  0.4000E+01
 -11.650  0.0000E+00  0.4000E+01
 -11.640  0.0000E+00  0.4000E+01
 -11.630  0.0000E+00  0.4000E+01
 -11.620  0.0000E+00  0.4000E+01
 -11.610  0.0000E+00  0.4000E+01
 -11.600  0.0000E+00  0.4000E+01
 -11.590  0.0000E+00  0.4000E+01
 -11.580  0.0000E+00  0.4000E+01
 -11.570  0.0000E+00  0.4000E+01
 -11.560  0.0000E+00  0.4000E+01
 -11.550  0.0000E+00  0.4000E+01
 -11.540  0.0000E+00  0.4000E+01
 -11.530  0.0000E+00  0.4000E+01
 -11.520  0.0000E+00  0.4000E+01
 -11.510  0.0000E+00  0.4000E+01
 -11.500  0.0000E+00  0.4000E+01
 -11.490  0.0000E+00  0.4000E+01
 -11.480  0.0000E+00  0.4000E+01
 -11.470  0.0000E+00  0.4000E+01
 -11.460  0.0000E+00  0.4000E+01
 -11.450  0.0000E+00  0.4000E+01
 -11.440  0.0000E+00  0.4000E+01
 -11.430  0.0000E+00  0.4000E+01
 -11.420  0.0000E+00  0.4000E+01
 -11.410  0.0000E+00  0.4000E+01
 -11.400  0.0000E+00  0.4000E+01
 -11.390  0.0000E+00  0.4000E+01
 -11.380  0.0000E+00  0.4000E+01
 -11.370  0.0000E+00  0.4000E+01
 -11.360  0.0000E+00  0.4000E+01
 -11.350  0.0000E+00  0.4000E+01
 -11.340  0.0000E+00  0.4000E+01
 -11.330  0.0000E+00  0.4000E+01
 -11.320  0.0000E+00  0.4000E+01
 -11.310  0.0000E+00  0.4000E+01
 -11.300  0.0000E+00  0.4000E+01
 -11.290  0.0000E+00  0.4000E+01
 -11.280  0.0000E+00  0.4000E+01
 -11.270  0.0000E+00  0.4000E+01
 -11.260  0.0000E+00  0.4000E+01
 -11.250  0.0000E+00  0.4000E+01
 -11.240  0.0000E+00  0.4000E+01
 -11.230  0.0000E+00  0.4000E+01
 -11.220  0.0000E+00  0.4000E+01
 -11.210  0.0000E+00  0.4000E+01
 -11.200  0.0000E+00  0.4000E+01
 -11.190  0.0000E+00  0.4000E+01
 -11.180  0.0000E+00  0.4000E+01
 -11.170  0.0000E+00  0.4000E+01
 -11.160  0.0000E+00  0.4000E+01
 -11.150  0.0000E+00  0.4000E+01
 -11.140  0.0000E+00  0.4000E+01
 -11.130  0.0000E+00  0.4000E+01
 -11.120  0.0000E+00  0.4000E+01
 -11.110  0.0000E+00  0.4000E+01
 -11.100  0.0000E+00  0.4000E+01
 -11.090  0.0000E+00  0.4000E+01
 -11.080  0.0000E+00  0.4000E+01
 -11.070  0.0000E+00  0.4000E+01
 -11.060  0.0000E+00  0.4000E+01
 -11.050  0.0000E+00  0.4000E+01
 -11.040  0.0000E+00  0.4000E+01
 -11.030  0.0000E+00  0.4000E+01
 -11.020  0.0000E+00  0.4000E+01
 -11.010  0.0000E+00  0.4000E+01
 -11.000  0.0000E+00  0.4000E+01
 -10.990  0.0000E+00  0.4000E+01
 -10.980  0.0000E+00  0.4000E+01
 -10.970  0.0000E+00  0.4000E+01
 -10.960  0.0000E+00  0.4000E+01
 -10.950  0.0000E+00  0.4000E+01
 -10.940  0.0000E+00  0.4000E+01
 -10.930  0.0000E+00  0.4000E+01
 -10.920  0.0000E+00  0.4000E+01
 -10.910  0.0000E+00  0.4000E+01
 -10.900  0.0000E+00  0.4000E+01
 -10.890  0.0000E+00  0.4000E+01
 -10.880  0.0000E+00  0.4000E+01
 -10.870  0.0000E+00  0.4000E+01
 -10.860  0.0000E+00  0.4000E+01
 -10.850  0.0000E+00  0.4000E+01
 -10.840  0.0000E+00  0.4000E+01
 -10.830  0.0000E+00  0.4000E+01
 -10.820  0.0000E+00  0.4000E+01
 -10.810  0.0000E+00  0.4000E+01
 -10.800  0.0000E+00  0.4000E+01
 -10.790  0.0000E+00  0.4000E+01
 -10.780  0.0000E+00  0.4000E+01
 -10.770  0.0000E+00  0.4000E+01
 -10.760  0.0000E+00  0.4000E+01
 -10.750  0.0000E+00  0.4000E+01
 -10.740  0.0000E+00  0.4000E+01
 -10.730  0.0000E+00  0.4000E+01
 -10.720  0.0000E+00  0.4000E+01
 -10.710  0.0000E+00  0.4000E+01
 -10.700  0.0000E+00  0.4000E+01
 -10.690  0.0000E+00  0.4000E+01
 -10.680  0.0000E+00  0.4000E+01
 -10.670  0.0000E+00  0.4000E+01
 -10.660  0.0000E+00  0.4000E+01
 -10.650  0.0000E+00  0.4000E+01
 -10.640  0.0000E+00  0.4000E+01
 -10.630  0.0000E+00  0.4000E+01
 -10.620  0.0000E+00  0.4000E+01
 -10.610  0.0000E+00  0.4000E+01
 -10.600  0.0000E+00  0.4000E+01
 -10.590  0.0000E+00  0.4000E+01
 -10.580  0.0000E+00  0.4000E+01
 -10.570  0.0000E+00  0.4000E+01
 -10.560  0.0000E+00  0.4000E+01
 -10.550  0.0000E+00  0.4000E+01
 -10.540  0.0000E+00  0.4000E+01
 -10.530  0.0000E+00  0.4000E+01
 -10.520  0.0000E+00  0.4000E+01
 -10.510  0.0000E+00  0.4000E+01
 -10.500  0.0000E+00  0.4000E+01
 -10.490  0.0000E+00  0.4000E+01
 -10.480  0.0000E+00  0.4000E+01
 -10.470  0.0000E+00  0.4000E+01
 -10.460  0.0000E+00  0.4000E+01
 -10.450  0.0000E+00  0.4000E+01
 -10.440  0.0000E+00  0.4000E+01
 -10.430  0.0000E+00  0.4000E+01
 -10.420  0.0000E+00  0.4000E+01
 -10.410  0.0000E+00  0.4000E+01
 -10.400  0.0000E+00  0.4000E+01
 -10.390  0.0000E+00  0.4000E+01
 -10.380  0.0000E+00  0.4000E+01
 -10.370  0.0000E+00  0.4000E+01
 -10.360  0.0000E+00  0.4000E+01
 -10.350  0.0000E+00  0.4000E+01
 -10.340  0.0000E+00  0.4000E+01
 -10.330  0.0000E+00  0.4000E+01
 -10.320  0.0000E+00  0.4000E+01
 -10.310  0.0000E+00  0.4000E+01
 -10.300  0.0000E+00  0.4000E+01
 -10.290  0.0000E+00  0.4000E+01
 -10.280  0.0000E+00  0.4000E+01
 -10.270  0.0000E+00  0.4000E+01
 -10.260  0.0000E+00  0.4000E+01
 -10.250  0.0000E+00  0.4000E+01
 -10.240  0.0000E+00  0.4000E+01
 -10.230  0.0000E+00  0.4000E+01
 -10.220  0.0000E+00  0.4000E+01
 -10.210  0.0000E+00  0.4000E+01
 -10.200  0.0000E+00  0.4000E+01
 -10.190  0.0000E+00  0.4000E+01
 -10.180  0.0000E+00  0.4000E+01
 -10.170  0.0000E+00  0.4000E+01
 -10.160  0.0000E+00  0.4000E+01
 -10.150  0.0000E+00  0.4000E+01
 -10.140  0.0000E+00  0.4000E+01
 -10.130  0.0000E+00  0.4000E+01
 -10.120  0.0000E+00  0.4000E+01
 -10.110  0.0000E+00  0.4000E+01
 -10.100  0.0000E+00  0.4000E+01
 -10.090  0.0000E+00  0.4000E+01
 -10.080  0.0000E+00  0.4000E+01
 -10.070  0.0000E+00  0.4000E+01
 -10.060  0.0000E+00  0.4000E+01
 -10.050  0.0000E+00  0.4000E+01
 -10.040  0.0000E+00  0.4000E+01
 -10.030  0.0000E+00  0.4000E+01
 -10.020  0.0000E+00  0.4000E+01
 -10.010  0.0000E+00  0.4000E+01
 -10.000  0.0000E+00  0.4000E+01
  -9.990  0.0000E+00  0.4000E+01
  -9.980  0.0000E+00  0.4000E+01
  -9.970  0.0000E+00  0.4000E+01
  -9.960  0.0000E+00  0.4000E+01
  -9.950  0.0000E+00  0.4000E+01
  -9.940  0.0000E+00  0.4000E+01
  -9.930  0.0000E+00  0.4000E+01
  -9.920  0.0000E+00  0.4000E+01
  -9.910  0.0000E+00  0.4000E+01
  -9.900  0.0000E+00  0.4000E+01
  -9.890  0.0000E+00  0.4000E+01
  -9.880  0.0000E+00  0.4000E+01
  -9.870  0.0000E+00  0.4000E+01
  -9.860  0.0000E+00  0.4000E+01
  -9.850  0.0000E+00  0.4000E+01
  -9.840  0.0000E+00  0.4000E+01
  -9.830  0.0000E+00  0.4000E+01
  -9.820  0.0000E+00  0.4000E+01
  -9.810  0.0000E+00  0.4000E+01
  -9.800  0.0000E+00  0.4000E+01
  -9.790  0.0000E+00  0.4000E+01
  -9.780  0.0000E+00  0.4000E+01
  -9.770  0.0000E+00  0.4000E+01
  -9.760  0.0000E+00  0.4000E+01
  -9.750  0.0000E+00  0.4000E+01
  -9.740  0.1499E+02  0.4103E+01
  -9.730  0.7494E+01  0.4201E+01
  -9.720  0.4998E+01  0.4266E+01
  -9.710  0.4998E+01  0.4316E+01
  -9.700  0.3749E+01  0.4361E+01
  -9.690  0.3749E+01  0.4398E+01
  -9.680  0.3749E+01  0.4436E+01
  -9.670  0.2999E+01  0.4468E+01
  -9.660  0.2999E+01  0.4498E+01
  -9.650  0.2999E+01  0.4528E+01
  -9.640  0.2500E+01  0.4555E+01
  -9.630  0.2500E+01  0.4580E+01
  -9.620  0.2500E+01  0.4605E+01
  -9.610  0.2500E+01  0.4630E+01
  -9.600  0.2143E+01  0.4653E+01
  -9.590  0.2143E+01  0.4675E+01
  -9.580  0.2143E+01  0.4696E+01
  -9.570  0.2143E+01  0.4718E+01
  -9.560  0.2143E+01  0.4739E+01
  -9.550  0.1876E+01  0.4758E+01
  -9.540  0.1876E+01  0.4777E+01
  -9.530  0.1876E+01  0.4796E+01
  -9.520  0.1876E+01  0.4814E+01
  -9.510  0.1876E+01  0.4833E+01
  -9.500  0.1668E+01  0.4850E+01
  -9.490  0.1668E+01  0.4867E+01
  -9.480  0.1668E+01  0.4884E+01
  -9.470  0.1668E+01  0.4900E+01
  -9.460  0.1668E+01  0.4917E+01
  -9.450  0.1668E+01  0.4934E+01
  -9.440  0.1501E+01  0.4949E+01
  -9.430  0.1501E+01  0.4964E+01
  -9.420  0.1501E+01  0.4979E+01
  -9.410  0.1501E+01  0.4994E+01
  -9.400  0.1501E+01  0.5009E+01
  -9.390  0.1501E+01  0.5024E+01
  -9.380  0.1365E+01  0.5039E+01
  -9.370  0.1365E+01  0.5053E+01
  -9.360  0.1365E+01  0.5066E+01
  -9.350  0.1365E+01  0.5080E+01
  -9.340  0.1365E+01  0.5094E+01
  -9.330  0.1365E+01  0.5107E+01
  -9.320  0.1365E+01  0.5121E+01
  -9.310  0.1365E+01  0.5135E+01
  -9.300  0.1252E+01  0.5147E+01
  -9.290  0.1252E+01  0.5160E+01
  -9.280  0.1252E+01  0.5172E+01
  -9.270  0.1252E+01  0.5185E+01
  -9.260  0.1252E+01  0.5197E+01
  -9.250  0.1252E+01  0.5210E+01
  -9.240  0.1252E+01  0.5222E+01
  -9.230  0.1156E+01  0.5235E+01
  -9.220  0.1156E+01  0.5246E+01
  -9.210  0.1156E+01  0.5258E+01
  -9.200  0.1156E+01  0.5270E+01
  -9.190  0.1156E+01  0.5281E+01
  -9.180  0.1156E+01  0.5293E+01
  -9.170  0.1156E+01  0.5304E+01
  -9.160  0.1156E+01  0.5316E+01
  -9.150  0.1156E+01  0.5327E+01
  -9.140  0.1074E+01  0.5339E+01
  -9.130  0.1074E+01  0.5349E+01
  -9.120  0.1074E+01  0.5360E+01
  -9.110  0.1074E+01  0.5371E+01
  -9.100  0.1074E+01  0.5382E+01
  -9.090  0.1074E+01  0.5392E+01
  -9.080  0.1074E+01  0.5403E+01
  -9.070  0.1074E+01  0.5414E+01
  -9.060  0.1074E+01  0.5424E+01
  -9.050  0.1003E+01  0.5435E+01
  -9.040  0.1003E+01  0.5445E+01
  -9.030  0.1003E+01  0.5455E+01
  -9.020  0.1003E+01  0.5465E+01
  -9.010  0.1003E+01  0.5475E+01
  -9.000  0.1003E+01  0.5485E+01
  -8.990  0.1003E+01  0.5495E+01
  -8.980  0.1003E+01  0.5505E+01
  -8.970  0.1003E+01  0.5515E+01
  -8.960  0.1003E+01  0.5525E+01
  -8.950  0.9407E+00  0.5535E+01
  -8.940  0.9407E+00  0.5544E+01
  -8.930  0.9407E+00  0.5554E+01
  -8.920  0.9407E+00  0.5563E+01
  -8.910  0.9407E+00  0.5573E+01
  -8.900  0.9407E+00  0.5582E+01
  -8.890  0.9407E+00  0.5591E+01
  -8.880  0.9407E+00  0.5601E+01
  -8.870  0.9407E+00  0.5610E+01
  -8.860  0.9407E+00  0.5620E+01
  -8.850  0.9407E+00  0.5629E+01
  -8.840  0.8858E+00  0.5638E+01
  -8.830  0.8858E+00  0.5647E+01
  -8.820  0.8858E+00  0.5656E+01
  -8.810  0.8858E+00  0.5665E+01
  -8.800  0.8858E+00  0.5673E+01
  -8.790  0.8858E+00  0.5682E+01
  -8.780  0.8858E+00  0.5691E+01
  -8.770  0.8858E+00  0.5700E+01
  -8.760  0.8858E+00  0.5709E+01
  -8.750  0.8858E+00  0.5718E+01
  -8.740  0.8858E+00  0.5727E+01
  -8.730  0.8371E+00  0.5735E+01
  -8.720  0.8371E+00  0.5743E+01
  -8.710  0.8371E+00  0.5752E+01
  -8.700  0.8371E+00  0.5760E+01
  -8.690  0.8371E+00  0.5769E+01
  -8.680  0.8371E+00  0.5777E+01
  -8.670  0.8371E+00  0.5785E+01
  -8.660  0.8371E+00  0.5794E+01
  -8.650  0.8371E+00  0.5802E+01
  -8.640  0.8371E+00  0.5810E+01
  -8.630  0.8371E+00  0.5819E+01
  -8.620  0.8371E+00  0.5827E+01
  -8.610  0.7935E+00  0.5835E+01
  -8.600  0.7935E+00  0.5843E+01
  -8.590  0.7935E+00  0.5851E+01
  -8.580  0.7935E+00  0.5859E+01
  -8.570  0.7935E+00  0.5867E+01
  -8.560  0.7935E+00  0.5875E+01
  -8.550  0.7935E+00  0.5883E+01
  -8.540  0.7935E+00  0.5891E+01
  -8.530  0.7935E+00  0.5899E+01
  -8.520  0.7935E+00  0.5906E+01
  -8.510  0.7935E+00  0.5914E+01
  -8.500  0.7935E+00  0.5922E+01
  -8.490  0.7543E+00  0.5930E+01
  -8.480  0.7543E+00  0.5938E+01
  -8.470  0.7543E+00  0.5945E+01
  -8.460  0.7543E+00  0.5953E+01
  -8.450  0.7543E+00  0.5960E+01
  -8.440  0.7543E+00  0.5968E+01
  -8.430  0.7543E+00  0.5975E+01
  -8.420  0.7543E+00  0.5983E+01
  -8.410  0.7543E+00  0.5990E+01
  -8.400  0.7543E+00  0.5998E+01
  -8.390  0.7543E+00  0.6006E+01
  -8.380  0.7543E+00  0.6013E+01
  -8.370  0.7543E+00  0.6021E+01
  -8.360  0.7190E+00  0.6028E+01
  -8.350  0.7190E+00  0.6035E+01
  -8.340  0.7190E+00  0.6042E+01
  -8.330  0.7190E+00  0.6050E+01
  -8.320  0.7190E+00  0.6057E+01
  -8.310  0.7190E+00  0.6064E+01
  -8.300  0.7190E+00  0.6071E+01
  -8.290  0.7190E+00  0.6078E+01
  -8.280  0.7190E+00  0.6085E+01
  -8.270  0.7190E+00  0.6093E+01
  -8.260  0.7190E+00  0.6100E+01
  -8.250  0.7190E+00  0.6107E+01
  -8.240  0.7190E+00  0.6114E+01
  -8.230  0.7190E+00  0.6121E+01
  -8.220  0.6868E+00  0.6128E+01
  -8.210  0.6868E+00  0.6135E+01
  -8.200  0.6868E+00  0.6142E+01
  -8.190  0.6868E+00  0.6149E+01
  -8.180  0.6868E+00  0.6156E+01
  -8.170  0.6868E+00  0.6163E+01
  -8.160  0.6868E+00  0.6170E+01
  -8.150  0.6868E+00  0.6176E+01
  -8.140  0.6868E+00  0.6183E+01
  -8.130  0.6868E+00  0.6190E+01
  -8.120  0.6868E+00  0.6197E+01
  -8.110  0.6868E+00  0.6204E+01
  -8.100  0.6868E+00  0.6211E+01
  -8.090  0.6868E+00  0.6218E+01
  -8.080  0.6575E+00  0.6224E+01
  -8.070  0.6575E+00  0.6231E+01
  -8.060  0.6575E+00  0.6238E+01
  -8.050  0.6575E+00  0.6244E+01
  -8.040  0.6575E+00  0.6251E+01
  -8.030  0.6575E+00  0.6257E+01
  -8.020  0.6575E+00  0.6264E+01
  -8.010  0.6575E+00  0.6270E+01
  -8.000  0.6575E+00  0.6277E+01
  -7.990  0.6575E+00  0.6284E+01
  -7.980  0.6575E+00  0.6290E+01
  -7.970  0.6575E+00  0.6297E+01
  -7.960  0.6575E+00  0.6303E+01
  -7.950  0.6575E+00  0.6310E+01
  -7.940  0.6575E+00  0.6316E+01
  -7.930  0.6307E+00  0.6323E+01
  -7.920  0.6307E+00  0.6329E+01
  -7.910  0.6307E+00  0.6336E+01
  -7.900  0.6307E+00  0.6342E+01
  -7.890  0.6307E+00  0.6348E+01
  -7.880  0.6307E+00  0.6355E+01
  -7.870  0.6307E+00  0.6361E+01
  -7.860  0.6307E+00  0.6367E+01
  -7.850  0.6307E+00  0.6373E+01
  -7.840  0.6307E+00  0.6380E+01
  -7.830  0.6307E+00  0.6386E+01
  -7.820  0.6307E+00  0.6392E+01
  -7.810  0.6307E+00  0.6399E+01
  -7.800  0.6307E+00  0.6405E+01
  -7.790  0.6307E+00  0.6411E+01
  -7.780  0.6307E+00  0.6418E+01
  -7.770  0.6060E+00  0.6424E+01
  -7.760  0.6060E+00  0.6430E+01
  -7.750  0.6060E+00  0.6436E+01
  -7.740  0.6060E+00  0.6442E+01
  -7.730  0.6060E+00  0.6448E+01
  -7.720  0.6060E+00  0.6454E+01
  -7.710  0.6060E+00  0.6460E+01
  -7.700  0.6060E+00  0.6466E+01
  -7.690  0.6060E+00  0.6472E+01
  -7.680  0.6060E+00  0.6478E+01
  -7.670  0.6060E+00  0.6484E+01
  -7.660  0.6060E+00  0.6490E+01
  -7.650  0.6060E+00  0.6496E+01
  -7.640  0.6060E+00  0.6503E+01
  -7.630  0.6060E+00  0.6509E+01
  -7.620  0.6060E+00  0.6515E+01
  -7.610  0.5833E+00  0.6521E+01
  -7.600  0.5833E+00  0.6526E+01
  -7.590  0.5833E+00  0.6532E+01
  -7.580  0.5833E+00  0.6538E+01
  -7.570  0.5833E+00  0.6544E+01
  -7.560  0.5833E+00  0.6550E+01
  -7.550  0.5833E+00  0.6556E+01
  -7.540  0.5833E+00  0.6561E+01
  -7.530  0.5833E+00  0.6567E+01
  -7.520  0.5833E+00  0.6573E+01
  -7.510  0.5833E+00  0.6579E+01
  -7.500  0.5833E+00  0.6585E+01
  -7.490  0.5833E+00  0.6591E+01
  -7.480  0.5833E+00  0.6596E+01
  -7.470  0.5833E+00  0.6602E+01
  -7.460  0.5833E+00  0.6608E+01
  -7.450  0.5833E+00  0.6614E+01
  -7.440  0.5623E+00  0.6620E+01
  -7.430  0.5623E+00  0.6625E+01
  -7.420  0.5623E+00  0.6631E+01
  -7.410  0.5623E+00  0.6637E+01
  -7.400  0.5623E+00  0.6642E+01
  -7.390  0.5623E+00  0.6648E+01
  -7.380  0.5623E+00  0.6653E+01
  -7.370  0.5623E+00  0.6659E+01
  -7.360  0.5623E+00  0.6665E+01
  -7.350  0.5623E+00  0.6670E+01
  -7.340  0.5623E+00  0.6676E+01
  -7.330  0.5623E+00  0.6682E+01
  -7.320  0.5623E+00  0.6687E+01
  -7.310  0.5623E+00  0.6693E+01
  -7.300  0.5623E+00  0.6698E+01
  -7.290  0.5623E+00  0.6704E+01
  -7.280  0.5623E+00  0.6710E+01
  -7.270  0.5623E+00  0.6715E+01
  -7.260  0.5428E+00  0.6721E+01
  -7.250  0.5428E+00  0.6726E+01
  -7.240  0.5428E+00  0.6732E+01
  -7.230  0.5428E+00  0.6737E+01
  -7.220  0.5428E+00  0.6742E+01
  -7.210  0.5428E+00  0.6748E+01
  -7.200  0.5428E+00  0.6753E+01
  -7.190  0.5428E+00  0.6759E+01
  -7.180  0.5428E+00  0.6764E+01
  -7.170  0.5428E+00  0.6770E+01
  -7.160  0.5428E+00  0.6775E+01
  -7.150  0.5428E+00  0.6780E+01
  -7.140  0.5428E+00  0.6786E+01
  -7.130  0.5428E+00  0.6791E+01
  -7.120  0.5428E+00  0.6797E+01
  -7.110  0.5428E+00  0.6802E+01
  -7.100  0.5428E+00  0.6808E+01
  -7.090  0.5428E+00  0.6813E+01
  -7.080  0.5247E+00  0.6818E+01
  -7.070  0.5247E+00  0.6824E+01
  -7.060  0.5247E+00  0.6829E+01
  -7.050  0.5247E+00  0.6834E+01
  -7.040  0.5247E+00  0.6839E+01
  -7.030  0.5247E+00  0.6845E+01
  -7.020  0.5247E+00  0.6850E+01
  -7.010  0.5247E+00  0.6855E+01
  -7.000  0.5247E+00  0.6860E+01
  -6.990  0.5247E+00  0.6866E+01
  -6.980  0.5247E+00  0.6871E+01
  -6.970  0.5247E+00  0.6876E+01
  -6.960  0.5247E+00  0.6881E+01
  -6.950  0.5247E+00  0.6887E+01
  -6.940  0.5247E+00  0.6892E+01
  -6.930  0.5247E+00  0.6897E+01
  -6.920  0.5247E+00  0.6902E+01
  -6.910  0.5247E+00  0.6908E+01
  -6.900  0.5247E+00  0.6913E+01
  -6.890  0.5079E+00  0.6918E+01
  -6.880  0.5079E+00  0.6923E+01
  -6.870  0.5079E+00  0.6928E+01
  -6.860  0.5079E+00  0.6933E+01
  -6.850  0.5079E+00  0.6938E+01
  -6.840  0.5079E+00  0.6943E+01
  -6.830  0.5079E+00  0.6948E+01
  -6.820  0.5079E+00  0.6953E+01
  -6.810  0.5079E+00  0.6958E+01
  -6.800  0.5079E+00  0.6964E+01
  -6.790  0.5079E+00  0.6969E+01
  -6.780  0.5079E+00  0.6974E+01
  -6.770  0.5079E+00  0.6979E+01
  -6.760  0.5079E+00  0.6984E+01
  -6.750  0.5079E+00  0.6989E+01
  -6.740  0.5079E+00  0.6994E+01
  -6.730  0.5079E+00  0.6999E+01
  -6.720  0.5079E+00  0.7004E+01
  -6.710  0.5079E+00  0.7009E+01
  -6.700  0.4921E+00  0.7014E+01
  -6.690  0.4921E+00  0.7019E+01
  -6.680  0.4921E+00  0.7024E+01
  -6.670  0.4921E+00  0.7029E+01
  -6.660  0.4921E+00  0.7034E+01
  -6.650  0.4921E+00  0.7039E+01
  -6.640  0.4921E+00  0.7044E+01
  -6.630  0.4921E+00  0.7049E+01
  -6.620  0.4921E+00  0.7054E+01
  -6.610  0.4921E+00  0.7059E+01
  -6.600  0.4921E+00  0.7064E+01
  -6.590  0.4921E+00  0.7068E+01
  -6.580  0.4921E+00  0.7073E+01
  -6.570  0.4921E+00  0.7078E+01
  -6.560  0.4921E+00  0.7083E+01
  -6.550  0.4921E+00  0.7088E+01
  -6.540  0.4921E+00  0.7093E+01
  -6.530  0.4921E+00  0.7098E+01
  -6.520  0.4921E+00  0.7103E+01
  -6.510  0.4921E+00  0.7108E+01
  -6.500  0.4775E+00  0.7113E+01
  -6.490  0.4775E+00  0.7117E+01
  -6.480  0.4775E+00  0.7122E+01
  -6.470  0.4775E+00  0.7127E+01
  -6.460  0.4775E+00  0.7132E+01
  -6.450  0.4775E+00  0.7137E+01
  -6.440  0.4775E+00  0.7141E+01
  -6.430  0.4775E+00  0.7146E+01
  -6.420  0.4775E+00  0.7151E+01
  -6.410  0.4775E+00  0.7156E+01
  -6.400  0.4775E+00  0.7160E+01
  -6.390  0.4775E+00  0.7165E+01
  -6.380  0.4775E+00  0.7170E+01
  -6.370  0.4775E+00  0.7175E+01
  -6.360  0.4775E+00  0.7180E+01
  -6.350  0.4775E+00  0.7184E+01
  -6.340  0.4775E+00  0.7189E+01
  -6.330  0.4775E+00  0.7194E+01
  -6.320  0.4775E+00  0.7199E+01
  -6.310  0.4775E+00  0.7203E+01
  -6.300  0.4775E+00  0.7208E+01
  -6.290  0.4637E+00  0.7213E+01
  -6.280  0.4637E+00  0.7217E+01
  -6.270  0.4637E+00  0.7222E+01
  -6.260  0.4637E+00  0.7227E+01
  -6.250  0.4637E+00  0.7231E+01
  -6.240  0.4637E+00  0.7236E+01
  -6.230  0.4637E+00  0.7241E+01
  -6.220  0.4637E+00  0.7245E+01
  -6.210  0.4637E+00  0.7250E+01
  -6.200  0.4637E+00  0.7255E+01
  -6.190  0.4637E+00  0.7259E+01
  -6.180  0.4637E+00  0.7264E+01
  -6.170  0.4637E+00  0.7269E+01
  -6.160  0.4637E+00  0.7273E+01
  -6.150  0.4637E+00  0.7278E+01
  -6.140  0.4637E+00  0.7282E+01
  -6.130  0.4637E+00  0.7287E+01
  -6.120  0.4637E+00  0.7292E+01
  -6.110  0.4637E+00  0.7296E+01
  -6.100  0.4637E+00  0.7301E+01
  -6.090  0.4637E+00  0.7306E+01
  -6.080  0.4508E+00  0.7310E+01
  -6.070  0.4508E+00  0.7315E+01
  -6.060  0.4508E+00  0.7319E+01
  -6.050  0.4508E+00  0.7324E+01
  -6.040  0.4508E+00  0.7328E+01
  -6.030  0.4508E+00  0.7333E+01
  -6.020  0.4508E+00  0.7337E+01
  -6.010  0.4508E+00  0.7342E+01
  -6.000  0.4508E+00  0.7346E+01
  -5.990  0.4508E+00  0.7351E+01
  -5.980  0.4508E+00  0.7355E+01
  -5.970  0.4508E+00  0.7360E+01
  -5.960  0.4508E+00  0.7364E+01
  -5.950  0.4508E+00  0.7369E+01
  -5.940  0.4508E+00  0.7373E+01
  -5.930  0.4508E+00  0.7378E+01
  -5.920  0.4508E+00  0.7382E+01
  -5.910  0.4508E+00  0.7387E+01
  -5.900  0.4508E+00  0.7391E+01
  -5.890  0.4508E+00  0.7396E+01
  -5.880  0.4508E+00  0.7400E+01
  -5.870  0.4508E+00  0.7405E+01
  -5.860  0.4387E+00  0.7409E+01
  -5.850  0.4387E+00  0.7414E+01
  -5.840  0.4387E+00  0.7418E+01
  -5.830  0.4387E+00  0.7422E+01
  -5.820  0.4387E+00  0.7427E+01
  -5.810  0.4387E+00  0.7431E+01
  -5.800  0.4387E+00  0.7436E+01
  -5.790  0.4387E+00  0.7440E+01
  -5.780  0.4387E+00  0.7444E+01
  -5.770  0.4387E+00  0.7449E+01
  -5.760  0.4387E+00  0.7453E+01
  -5.750  0.4387E+00  0.7458E+01
  -5.740  0.4387E+00  0.7462E+01
  -5.730  0.4387E+00  0.7466E+01
  -5.720  0.4387E+00  0.7471E+01
  -5.710  0.4387E+00  0.7475E+01
  -5.700  0.4387E+00  0.7480E+01
  -5.690  0.4387E+00  0.7484E+01
  -5.680  0.4387E+00  0.7488E+01
  -5.670  0.4387E+00  0.7493E+01
  -5.660  0.4387E+00  0.7497E+01
  -5.650  0.4387E+00  0.7501E+01
  -5.640  0.4387E+00  0.7506E+01
  -5.630  0.4273E+00  0.7510E+01
  -5.620  0.4273E+00  0.7514E+01
  -5.610  0.4273E+00  0.7519E+01
  -5.600  0.4273E+00  0.7523E+01
  -5.590  0.4273E+00  0.7527E+01
  -5.580  0.4273E+00  0.7531E+01
  -5.570  0.4273E+00  0.7536E+01
  -5.560  0.4273E+00  0.7540E+01
  -5.550  0.4273E+00  0.7544E+01
  -5.540  0.4273E+00  0.7549E+01
  -5.530  0.4273E+00  0.7553E+01
  -5.520  0.4273E+00  0.7557E+01
  -5.510  0.4273E+00  0.7561E+01
  -5.500  0.4273E+00  0.7566E+01
  -5.490  0.4273E+00  0.7570E+01
  -5.480  0.4273E+00  0.7574E+01
  -5.470  0.4273E+00  0.7578E+01
  -5.460  0.4273E+00  0.7583E+01
  -5.450  0.4273E+00  0.7587E+01
  -5.440  0.4273E+00  0.7591E+01
  -5.430  0.4273E+00  0.7596E+01
  -5.420  0.4273E+00  0.7600E+01
  -5.410  0.4273E+00  0.7604E+01
  -5.400  0.4166E+00  0.7608E+01
  -5.390  0.4166E+00  0.7612E+01
  -5.380  0.4166E+00  0.7617E+01
  -5.370  0.4166E+00  0.7621E+01
  -5.360  0.4166E+00  0.7625E+01
  -5.350  0.4166E+00  0.7629E+01
  -5.340  0.4166E+00  0.7633E+01
  -5.330  0.4166E+00  0.7637E+01
  -5.320  0.4166E+00  0.7642E+01
  -5.310  0.4166E+00  0.7646E+01
  -5.300  0.4166E+00  0.7650E+01
  -5.290  0.4166E+00  0.7654E+01
  -5.280  0.4166E+00  0.7658E+01
  -5.270  0.4166E+00  0.7662E+01
  -5.260  0.4166E+00  0.7667E+01
  -5.250  0.4166E+00  0.7671E+01
  -5.240  0.4166E+00  0.7675E+01
  -5.230  0.4166E+00  0.7679E+01
  -5.220  0.4166E+00  0.7683E+01
  -5.210  0.4166E+00  0.7687E+01
  -5.200  0.4166E+00  0.7692E+01
  -5.190  0.4166E+00  0.7696E+01
  -5.180  0.4166E+00  0.7700E+01
  -5.170  0.4065E+00  0.7704E+01
  -5.160  0.4065E+00  0.7708E+01
  -5.150  0.4065E+00  0.7712E+01
  -5.140  0.4065E+00  0.7716E+01
  -5.130  0.4065E+00  0.7720E+01
  -5.120  0.4065E+00  0.7724E+01
  -5.110  0.4065E+00  0.7728E+01
  -5.100  0.4065E+00  0.7733E+01
  -5.090  0.4065E+00  0.7737E+01
  -5.080  0.4065E+00  0.7741E+01
  -5.070  0.4065E+00  0.7745E+01
  -5.060  0.4065E+00  0.7749E+01
  -5.050  0.4065E+00  0.7753E+01
  -5.040  0.4065E+00  0.7757E+01
  -5.030  0.4065E+00  0.7761E+01
  -5.020  0.4065E+00  0.7765E+01
  -5.010  0.4065E+00  0.7769E+01
  -5.000  0.4065E+00  0.7773E+01
  -4.990  0.4065E+00  0.7777E+01
  -4.980  0.4065E+00  0.7781E+01
  -4.970  0.4065E+00  0.7785E+01
  -4.960  0.4065E+00  0.7789E+01
  -4.950  0.4065E+00  0.7794E+01
  -4.940  0.4065E+00  0.7798E+01
  -4.930  0.4065E+00  0.7802E+01
  -4.920  0.3969E+00  0.7806E+01
  -4.910  0.3969E+00  0.7810E+01
  -4.900  0.3969E+00  0.7814E+01
  -4.890  0.3969E+00  0.7818E+01
  -4.880  0.3969E+00  0.7822E+01
  -4.870  0.3969E+00  0.7825E+01
  -4.860  0.3969E+00  0.7829E+01
  -4.850  0.3969E+00  0.7833E+01
  -4.840  0.3969E+00  0.7837E+01
  -4.830  0.3969E+00  0.7841E+01
  -4.820  0.3969E+00  0.7845E+01
  -4.810  0.3969E+00  0.7849E+01
  -4.800  0.3969E+00  0.7853E+01
  -4.790  0.3969E+00  0.7857E+01
  -4.780  0.3969E+00  0.7861E+01
  -4.770  0.3969E+00  0.7865E+01
  -4.760  0.3969E+00  0.7869E+01
  -4.750  0.3969E+00  0.7873E+01
  -4.740  0.3969E+00  0.7877E+01
  -4.730  0.3969E+00  0.7881E+01
  -4.720  0.3969E+00  0.7885E+01
  -4.710  0.3969E+00  0.7889E+01
  -4.700  0.3969E+00  0.7893E+01
  -4.690  0.3969E+00  0.7897E+01
  -4.680  0.3969E+00  0.7901E+01
  -4.670  0.3897E+00  0.7905E+01
  -4.660  0.3897E+00  0.7909E+01
  -4.650  0.3897E+00  0.7913E+01
  -4.640  0.3897E+00  0.7917E+01
  -4.630  0.3897E+00  0.7920E+01
  -4.620  0.3897E+00  0.7924E+01
  -4.610  0.3897E+00  0.7928E+01
  -4.600  0.3897E+00  0.7932E+01
  -4.590  0.3897E+00  0.7936E+01
  -4.580  0.3897E+00  0.7940E+01
  -4.570  0.3897E+00  0.7944E+01
  -4.560  0.3897E+00  0.7948E+01
  -4.550  0.3897E+00  0.7952E+01
  -4.540  0.3897E+00  0.7955E+01
  -4.530  0.3897E+00  0.7959E+01
  -4.520  0.3897E+00  0.7963E+01
  -4.510  0.3897E+00  0.7967E+01
  -4.500  0.3897E+00  0.7971E+01
  -4.490  0.3897E+00  0.7975E+01
  -4.480  0.3897E+00  0.7979E+01
  -4.470  0.3897E+00  0.7983E+01
  -4.460  0.3897E+00  0.7987E+01
  -4.450  0.3897E+00  0.7991E+01
  -4.440  0.3897E+00  0.7994E+01
  -4.430  0.3897E+00  0.7998E+01
  -4.420  0.3812E+00  0.8001E+01
  -4.410  0.3812E+00  0.8005E+01
  -4.400  0.3812E+00  0.8009E+01
  -4.390  0.3812E+00  0.8013E+01
  -4.380  0.3812E+00  0.8017E+01
  -4.370  0.3812E+00  0.8020E+01
  -4.360  0.3812E+00  0.8024E+01
  -4.350  0.3812E+00  0.8028E+01
  -4.340  0.3812E+00  0.8032E+01
  -4.330  0.3812E+00  0.8036E+01
  -4.320  0.3812E+00  0.8039E+01
  -4.310  0.3812E+00  0.8043E+01
  -4.300  0.3812E+00  0.8047E+01
  -4.290  0.3812E+00  0.8051E+01
  -4.280  0.3812E+00  0.8055E+01
  -4.270  0.3812E+00  0.8058E+01
  -4.260  0.3812E+00  0.8062E+01
  -4.250  0.3812E+00  0.8066E+01
  -4.240  0.3812E+00  0.8070E+01
  -4.230  0.3812E+00  0.8074E+01
  -4.220  0.3812E+00  0.8078E+01
  -4.210  0.3812E+00  0.8081E+01
  -4.200  0.3812E+00  0.8085E+01
  -4.190  0.3812E+00  0.8089E+01
  -4.180  0.3812E+00  0.8093E+01
  -4.170  0.3812E+00  0.8097E+01
  -4.160  0.3715E+00  0.8100E+01
  -4.150  0.3715E+00  0.8104E+01
  -4.140  0.3715E+00  0.8108E+01
  -4.130  0.3715E+00  0.8112E+01
  -4.120  0.3715E+00  0.8115E+01
  -4.110  0.3715E+00  0.8119E+01
  -4.100  0.3715E+00  0.8123E+01
  -4.090  0.3715E+00  0.8126E+01
  -4.080  0.3715E+00  0.8130E+01
  -4.070  0.3715E+00  0.8134E+01
  -4.060  0.3715E+00  0.8138E+01
  -4.050  0.3715E+00  0.8141E+01
  -4.040  0.3715E+00  0.8145E+01
  -4.030  0.3715E+00  0.8149E+01
  -4.020  0.3715E+00  0.8152E+01
  -4.010  0.3715E+00  0.8156E+01
  -4.000  0.3715E+00  0.8160E+01
  -3.990  0.3715E+00  0.8164E+01
  -3.980  0.3715E+00  0.8167E+01
  -3.970  0.3715E+00  0.8171E+01
  -3.960  0.3715E+00  0.8175E+01
  -3.950  0.3715E+00  0.8178E+01
  -3.940  0.3715E+00  0.8182E+01
  -3.930  0.3715E+00  0.8186E+01
  -3.920  0.3715E+00  0.8190E+01
  -3.910  0.3715E+00  0.8193E+01
  -3.900  0.3715E+00  0.8197E+01
  -3.890  0.3639E+00  0.8201E+01
  -3.880  0.3639E+00  0.8204E+01
  -3.870  0.3639E+00  0.8208E+01
  -3.860  0.3639E+00  0.8212E+01
  -3.850  0.3639E+00  0.8215E+01
  -3.840  0.3639E+00  0.8219E+01
  -3.830  0.3639E+00  0.8222E+01
  -3.820  0.3639E+00  0.8226E+01
  -3.810  0.3639E+00  0.8230E+01
  -3.800  0.3639E+00  0.8233E+01
  -3.790  0.3639E+00  0.8237E+01
  -3.780  0.3639E+00  0.8241E+01
  -3.770  0.3639E+00  0.8244E+01
  -3.760  0.3639E+00  0.8248E+01
  -3.750  0.3639E+00  0.8252E+01
  -3.740  0.3639E+00  0.8255E+01
  -3.730  0.3639E+00  0.8259E+01
  -3.720  0.3639E+00  0.8262E+01
  -3.710  0.3639E+00  0.8266E+01
  -3.700  0.3639E+00  0.8270E+01
  -3.690  0.3639E+00  0.8273E+01
  -3.680  0.3639E+00  0.8277E+01
  -3.670  0.3639E+00  0.8281E+01
  -3.660  0.3639E+00  0.8284E+01
  -3.650  0.3639E+00  0.8288E+01
  -3.640  0.3639E+00  0.8292E+01
  -3.630  0.3639E+00  0.8295E+01
  -3.620  0.3567E+00  0.8299E+01
  -3.610  0.3567E+00  0.8302E+01
  -3.600  0.3567E+00  0.8306E+01
  -3.590  0.3567E+00  0.8310E+01
  -3.580  0.3567E+00  0.8313E+01
  -3.570  0.3567E+00  0.8317E+01
  -3.560  0.3567E+00  0.8320E+01
  -3.550  0.3567E+00  0.8324E+01
  -3.540  0.3567E+00  0.8327E+01
  -3.530  0.3567E+00  0.8331E+01
  -3.520  0.3567E+00  0.8334E+01
  -3.510  0.3567E+00  0.8338E+01
  -3.500  0.3567E+00  0.8342E+01
  -3.490  0.3567E+00  0.8345E+01
  -3.480  0.3567E+00  0.8349E+01
  -3.470  0.3567E+00  0.8352E+01
  -3.460  0.3567E+00  0.8356E+01
  -3.450  0.3567E+00  0.8359E+01
  -3.440  0.3567E+00  0.8363E+01
  -3.430  0.3567E+00  0.8367E+01
  -3.420  0.3567E+00  0.8370E+01
  -3.410  0.3567E+00  0.8374E+01
  -3.400  0.3567E+00  0.8377E+01
  -3.390  0.3567E+00  0.8381E+01
  -3.380  0.3567E+00  0.8384E+01
  -3.370  0.3567E+00  0.8388E+01
  -3.360  0.3567E+00  0.8392E+01
  -3.350  0.3500E+00  0.8395E+01
  -3.340  0.3500E+00  0.8399E+01
  -3.330  0.3500E+00  0.8402E+01
  -3.320  0.3500E+00  0.8406E+01
  -3.310  0.3500E+00  0.8409E+01
  -3.300  0.3500E+00  0.8413E+01
  -3.290  0.3500E+00  0.8416E+01
  -3.280  0.3500E+00  0.8420E+01
  -3.270  0.3500E+00  0.8423E+01
  -3.260  0.3500E+00  0.8427E+01
  -3.250  0.3500E+00  0.8430E+01
  -3.240  0.3500E+00  0.8434E+01
  -3.230  0.3500E+00  0.8437E+01
  -3.220  0.3500E+00  0.8441E+01
  -3.210  0.3500E+00  0.8444E+01
  -3.200  0.3500E+00  0.8448E+01
  -3.190  0.3500E+00  0.8451E+01
  -3.180  0.3500E+00  0.8455E+01
  -3.170  0.3500E+00  0.8458E+01
  -3.160  0.3500E+00  0.8462E+01
  -3.150  0.3500E+00  0.8465E+01
  -3.140  0.3500E+00  0.8469E+01
  -3.130  0.3500E+00  0.8472E+01
  -3.120  0.3500E+00  0.8476E+01
  -3.110  0.3500E+00  0.8479E+01
  -3.100  0.3500E+00  0.8483E+01
  -3.090  0.3500E+00  0.8486E+01
  -3.080  0.3500E+00  0.8490E+01
  -3.070  0.3500E+00  0.8493E+01
  -3.060  0.3437E+00  0.8497E+01
  -3.050  0.3437E+00  0.8500E+01
  -3.040  0.3437E+00  0.8503E+01
  -3.030  0.3437E+00  0.8507E+01
  -3.020  0.3437E+00  0.8510E+01
  -3.010  0.3437E+00  0.8514E+01
  -3.000  0.3437E+00  0.8517E+01
  -2.990  0.3437E+00  0.8521E+01
  -2.980  0.3437E+00  0.8524E+01
  -2.970  0.3437E+00  0.8528E+01
  -2.960  0.3437E+00  0.8531E+01
  -2.950  0.3437E+00  0.8534E+01
  -2.940  0.3437E+00  0.8538E+01
  -2.930  0.3437E+00  0.8541E+01
  -2.920  0.3437E+00  0.8545E+01
  -2.910  0.3437E+00  0.8548E+01
  -2.900  0.3437E+00  0.8552E+01
  -2.890  0.3437E+00  0.8555E+01
  -2.880  0.3437E+00  0.8558E+01
  -2.870  0.3437E+00  0.8562E+01
  -2.860  0.3437E+00  0.8565E+01
  -2.850  0.3437E+00  0.8569E+01
  -2.840  0.3437E+00  0.8572E+01
  -2.830  0.3437E+00  0.8576E+01
  -2.820  0.3437E+00  0.8579E+01
  -2.810  0.3437E+00  0.8582E+01
  -2.800  0.3437E+00  0.8586E+01
  -2.790  0.3437E+00  0.8589E+01
  -2.780  0.3377E+00  0.8593E+01
  -2.770  0.3377E+00  0.8596E+01
  -2.760  0.3377E+00  0.8600E+01
  -2.750  0.3377E+00  0.8603E+01
  -2.740  0.3377E+00  0.8606E+01
  -2.730  0.3377E+00  0.8610E+01
  -2.720  0.3377E+00  0.8613E+01
  -2.710  0.3377E+00  0.8616E+01
  -2.700  0.3377E+00  0.8620E+01
  -2.690  0.3377E+00  0.8623E+01
  -2.680  0.3377E+00  0.8627E+01
  -2.670  0.3377E+00  0.8630E+01
  -2.660  0.3377E+00  0.8633E+01
  -2.650  0.3377E+00  0.8637E+01
  -2.640  0.3377E+00  0.8640E+01
  -2.630  0.3377E+00  0.8643E+01
  -2.620  0.3377E+00  0.8647E+01
  -2.610  0.3377E+00  0.8650E+01
  -2.600  0.3377E+00  0.8654E+01
  -2.590  0.3377E+00  0.8657E+01
  -2.580  0.3377E+00  0.8660E+01
  -2.570  0.3377E+00  0.8664E+01
  -2.560  0.3377E+00  0.8667E+01
  -2.550  0.3377E+00  0.8670E+01
  -2.540  0.3377E+00  0.8674E+01
  -2.530  0.3377E+00  0.8677E+01
  -2.520  0.3377E+00  0.8681E+01
  -2.510  0.3377E+00  0.8684E+01
  -2.500  0.3377E+00  0.8687E+01
  -2.490  0.3377E+00  0.8691E+01
  -2.480  0.3321E+00  0.8694E+01
  -2.470  0.3321E+00  0.8697E+01
  -2.460  0.3321E+00  0.8701E+01
  -2.450  0.3321E+00  0.8704E+01
  -2.440  0.3321E+00  0.8707E+01
  -2.430  0.3321E+00  0.8711E+01
  -2.420  0.3321E+00  0.8714E+01
  -2.410  0.3321E+00  0.8717E+01
  -2.400  0.3321E+00  0.8721E+01
  -2.390  0.3321E+00  0.8724E+01
  -2.380  0.3321E+00  0.8727E+01
  -2.370  0.3321E+00  0.8731E+01
  -2.360  0.3321E+00  0.8734E+01
  -2.350  0.3321E+00  0.8737E+01
  -2.340  0.3321E+00  0.8741E+01
  -2.330  0.3321E+00  0.8744E+01
  -2.320  0.3321E+00  0.8747E+01
  -2.310  0.3321E+00  0.8751E+01
  -2.300  0.3321E+00  0.8754E+01
  -2.290  0.3321E+00  0.8757E+01
  -2.280  0.3321E+00  0.8760E+01
  -2.270  0.3321E+00  0.8764E+01
  -2.260  0.3321E+00  0.8767E+01
  -2.250  0.3321E+00  0.8770E+01
  -2.240  0.3321E+00  0.8774E+01
  -2.230  0.3321E+00  0.8777E+01
  -2.220  0.3321E+00  0.8780E+01
  -2.210  0.3321E+00  0.8784E+01
  -2.200  0.3321E+00  0.8787E+01
  -2.190  0.3268E+00  0.8790E+01
  -2.180  0.3268E+00  0.8794E+01
  -2.170  0.3268E+00  0.8797E+01
  -2.160  0.3268E+00  0.8800E+01
  -2.150  0.3268E+00  0.8803E+01
  -2.140  0.3268E+00  0.8807E+01
  -2.130  0.3268E+00  0.8810E+01
  -2.120  0.3268E+00  0.8813E+01
  -2.110  0.3268E+00  0.8817E+01
  -2.100  0.3268E+00  0.8820E+01
  -2.090  0.3268E+00  0.8823E+01
  -2.080  0.3268E+00  0.8826E+01
  -2.070  0.3268E+00  0.8830E+01
  -2.060  0.3268E+00  0.8833E+01
  -2.050  0.3268E+00  0.8836E+01
  -2.040  0.3268E+00  0.8839E+01
  -2.030  0.3268E+00  0.8843E+01
  -2.020  0.3268E+00  0.8846E+01
  -2.010  0.3268E+00  0.8849E+01
  -2.000  0.3268E+00  0.8852E+01
  -1.990  0.3268E+00  0.8856E+01
  -1.980  0.3268E+00  0.8859E+01
  -1.970  0.3268E+00  0.8862E+01
  -1.960  0.3268E+00  0.8866E+01
  -1.950  0.3268E+00  0.8869E+01
  -1.940  0.3268E+00  0.8872E+01
  -1.930  0.3268E+00  0.8875E+01
  -1.920  0.3268E+00  0.8879E+01
  -1.910  0.3268E+00  0.8882E+01
  -1.900  0.3268E+00  0.8885E+01
  -1.890  0.3268E+00  0.8888E+01
  -1.880  0.3219E+00  0.8892E+01
  -1.870  0.3219E+00  0.8895E+01
  -1.860  0.3219E+00  0.8898E+01
  -1.850  0.3219E+00  0.8901E+01
  -1.840  0.3219E+00  0.8905E+01
  -1.830  0.3219E+00  0.8908E+01
  -1.820  0.3219E+00  0.8911E+01
  -1.810  0.3219E+00  0.8914E+01
  -1.800  0.3219E+00  0.8917E+01
  -1.790  0.3219E+00  0.8921E+01
  -1.780  0.3219E+00  0.8924E+01
  -1.770  0.3219E+00  0.8927E+01
  -1.760  0.3219E+00  0.8930E+01
  -1.750  0.3219E+00  0.8933E+01
  -1.740  0.3219E+00  0.8937E+01
  -1.730  0.3219E+00  0.8940E+01
  -1.720  0.3219E+00  0.8943E+01
  -1.710  0.3219E+00  0.8946E+01
  -1.700  0.3219E+00  0.8950E+01
  -1.690  0.3219E+00  0.8953E+01
  -1.680  0.3219E+00  0.8956E+01
  -1.670  0.3219E+00  0.8959E+01
  -1.660  0.3219E+00  0.8962E+01
  -1.650  0.3219E+00  0.8966E+01
  -1.640  0.3219E+00  0.8969E+01
  -1.630  0.3219E+00  0.8972E+01
  -1.620  0.3219E+00  0.8975E+01
  -1.610  0.3219E+00  0.8979E+01
  -1.600  0.3219E+00  0.8982E+01
  -1.590  0.3219E+00  0.8985E+01
  -1.580  0.3173E+00  0.8988E+01
  -1.570  0.3173E+00  0.8991E+01
  -1.560  0.3173E+00  0.8995E+01
  -1.550  0.3173E+00  0.8998E+01
  -1.540  0.3173E+00  0.9001E+01
  -1.530  0.3173E+00  0.9004E+01
  -1.520  0.3173E+00  0.9007E+01
  -1.510  0.3173E+00  0.9010E+01
  -1.500  0.3173E+00  0.9014E+01
  -1.490  0.3173E+00  0.9017E+01
  -1.480  0.3173E+00  0.9020E+01
  -1.470  0.3173E+00  0.9023E+01
  -1.460  0.3173E+00  0.9026E+01
  -1.450  0.3173E+00  0.9029E+01
  -1.440  0.3173E+00  0.9033E+01
  -1.430  0.3173E+00  0.9036E+01
  -1.420  0.3173E+00  0.9039E+01
  -1.410  0.3173E+00  0.9042E+01
  -1.400  0.3173E+00  0.9045E+01
  -1.390  0.3173E+00  0.9048E+01
  -1.380  0.3173E+00  0.9052E+01
  -1.370  0.3173E+00  0.9055E+01
  -1.360  0.3173E+00  0.9058E+01
  -1.350  0.3173E+00  0.9061E+01
  -1.340  0.3173E+00  0.9064E+01
  -1.330  0.3173E+00  0.9068E+01
  -1.320  0.3173E+00  0.9071E+01
  -1.310  0.3173E+00  0.9074E+01
  -1.300  0.3173E+00  0.9077E+01
  -1.290  0.3173E+00  0.9080E+01
  -1.280  0.3173E+00  0.9083E+01
  -1.270  0.3130E+00  0.9087E+01
  -1.260  0.3130E+00  0.9090E+01
  -1.250  0.3130E+00  0.9093E+01
  -1.240  0.3130E+00  0.9096E+01
  -1.230  0.3130E+00  0.9099E+01
  -1.220  0.3130E+00  0.9102E+01
  -1.210  0.3130E+00  0.9105E+01
  -1.200  0.3130E+00  0.9108E+01
  -1.190  0.3130E+00  0.9112E+01
  -1.180  0.3130E+00  0.9115E+01
  -1.170  0.3130E+00  0.9118E+01
  -1.160  0.3130E+00  0.9121E+01
  -1.150  0.3130E+00  0.9124E+01
  -1.140  0.3130E+00  0.9127E+01
  -1.130  0.3130E+00  0.9130E+01
  -1.120  0.3130E+00  0.9134E+01
  -1.110  0.3130E+00  0.9137E+01
  -1.100  0.3130E+00  0.9140E+01
  -1.090  0.3130E+00  0.9143E+01
  -1.080  0.3130E+00  0.9146E+01
  -1.070  0.3130E+00  0.9149E+01
  -1.060  0.3130E+00  0.9152E+01
  -1.050  0.3130E+00  0.9155E+01
  -1.040  0.3130E+00  0.9159E+01
  -1.030  0.3130E+00  0.9162E+01
  -1.020  0.3130E+00  0.9165E+01
  -1.010  0.3130E+00  0.9168E+01
  -1.000  0.3130E+00  0.9171E+01
  -0.990  0.3130E+00  0.9174E+01
  -0.980  0.3130E+00  0.9177E+01
  -0.970  0.3130E+00  0.9180E+01
  -0.960  0.3130E+00  0.9184E+01
  -0.950  0.3091E+00  0.9187E+01
  -0.940  0.3091E+00  0.9190E+01
  -0.930  0.3091E+00  0.9193E+01
  -0.920  0.3091E+00  0.9196E+01
  -0.910  0.3091E+00  0.9199E+01
  -0.900  0.3091E+00  0.9202E+01
  -0.890  0.3091E+00  0.9205E+01
  -0.880  0.3091E+00  0.9208E+01
  -0.870  0.3091E+00  0.9211E+01
  -0.860  0.3091E+00  0.9215E+01
  -0.850  0.3091E+00  0.9218E+01
  -0.840  0.3091E+00  0.9221E+01
  -0.830  0.3091E+00  0.9224E+01
  -0.820  0.3091E+00  0.9227E+01
  -0.810  0.3091E+00  0.9230E+01
  -0.800  0.3091E+00  0.9233E+01
  -0.790  0.3091E+00  0.9236E+01
  -0.780  0.3091E+00  0.9239E+01
  -0.770  0.3091E+00  0.9242E+01
  -0.760  0.3091E+00  0.9245E+01
  -0.750  0.3091E+00  0.9249E+01
  -0.740  0.3091E+00  0.9252E+01
  -0.730  0.3091E+00  0.9255E+01
  -0.720  0.3091E+00  0.9258E+01
  -0.710  0.3091E+00  0.9261E+01
  -0.700  0.3091E+00  0.9264E+01
  -0.690  0.3091E+00  0.9267E+01
  -0.680  0.3091E+00  0.9270E+01
  -0.670  0.3091E+00  0.9273E+01
  -0.660  0.3091E+00  0.9276E+01
  -0.650  0.3091E+00  0.9279E+01
  -0.640  0.3091E+00  0.9283E+01
  -0.630  0.3056E+00  0.9286E+01
  -0.620  0.3056E+00  0.9289E+01
  -0.610  0.3056E+00  0.9292E+01
  -0.600  0.3056E+00  0.9295E+01
  -0.590  0.3056E+00  0.9298E+01
  -0.580  0.3056E+00  0.9301E+01
  -0.570  0.3056E+00  0.9304E+01
  -0.560  0.3056E+00  0.9307E+01
  -0.550  0.3056E+00  0.9310E+01
  -0.540  0.3056E+00  0.9313E+01
  -0.530  0.3056E+00  0.9316E+01
  -0.520  0.3056E+00  0.9319E+01
  -0.510  0.3056E+00  0.9322E+01
  -0.500  0.3056E+00  0.9325E+01
  -0.490  0.3056E+00  0.9328E+01
  -0.480  0.3056E+00  0.9331E+01
  -0.470  0.3056E+00  0.9334E+01
  -0.460  0.3056E+00  0.9338E+01
  -0.450  0.3056E+00  0.9341E+01
  -0.440  0.3056E+00  0.9344E+01
  -0.430  0.3056E+00  0.9347E+01
  -0.420  0.3056E+00  0.9350E+01
  -0.410  0.3056E+00  0.9353E+01
  -0.400  0.3056E+00  0.9356E+01
  -0.390  0.3056E+00  0.9359E+01
  -0.380  0.3056E+00  0.9362E+01
  -0.370  0.3056E+00  0.9365E+01
  -0.360  0.3056E+00  0.9368E+01
  -0.350  0.3056E+00  0.9371E+01
  -0.340  0.3056E+00  0.9374E+01
  -0.330  0.3056E+00  0.9377E+01
  -0.320  0.3056E+00  0.9380E+01
  -0.310  0.3024E+00  0.9383E+01
  -0.300  0.3024E+00  0.9386E+01
  -0.290  0.3024E+00  0.9389E+01
  -0.280  0.3024E+00  0.9392E+01
  -0.270  0.3024E+00  0.9395E+01
  -0.260  0.3024E+00  0.9398E+01
  -0.250  0.3024E+00  0.9402E+01
  -0.240  0.3024E+00  0.9405E+01
  -0.230  0.3024E+00  0.9408E+01
  -0.220  0.3024E+00  0.9411E+01
  -0.210  0.3024E+00  0.9414E+01
  -0.200  0.3024E+00  0.9417E+01
  -0.190  0.3024E+00  0.9420E+01
  -0.180  0.3024E+00  0.9423E+01
  -0.170  0.3024E+00  0.9426E+01
  -0.160  0.3024E+00  0.9429E+01
  -0.150  0.3024E+00  0.9432E+01
  -0.140  0.3024E+00  0.9435E+01
  -0.130  0.3024E+00  0.9438E+01
  -0.120  0.3024E+00  0.9441E+01
  -0.110  0.3024E+00  0.9444E+01
  -0.100  0.3024E+00  0.9447E+01
  -0.090  0.3024E+00  0.9450E+01
  -0.080  0.3024E+00  0.9453E+01
  -0.070  0.3024E+00  0.9456E+01
  -0.060  0.3024E+00  0.9459E+01
  -0.050  0.3024E+00  0.9462E+01
  -0.040  0.3024E+00  0.9465E+01
  -0.030  0.3024E+00  0.9468E+01
  -0.020  0.3024E+00  0.9471E+01
  -0.010  0.3024E+00  0.9474E+01
   0.000  0.3024E+00  0.9477E+01
   0.010  0.3024E+00  0.9480E+01
   0.020  0.2995E+00  0.9483E+01
   0.030  0.2995E+00  0.9486E+01
   0.040  0.2995E+00  0.9489E+01
   0.050  0.2995E+00  0.9492E+01
   0.060  0.2995E+00  0.9495E+01
   0.070  0.2995E+00  0.9498E+01
   0.080  0.2995E+00  0.9501E+01
   0.090  0.2995E+00  0.9504E+01
   0.100  0.2995E+00  0.9507E+01
   0.110  0.2995E+00  0.9510E+01
   0.120  0.2995E+00  0.9513E+01
   0.130  0.2995E+00  0.9516E+01
   0.140  0.2995E+00  0.9519E+01
   0.150  0.2995E+00  0.9522E+01
   0.160  0.2995E+00  0.9525E+01
   0.170  0.2995E+00  0.9528E+01
   0.180  0.7822E+01  0.9598E+01
   0.190  0.4061E+01  0.9642E+01
   0.200  0.2808E+01  0.9675E+01
   0.210  0.2808E+01  0.9703E+01
   0.220  0.2181E+01  0.9728E+01
   0.230  0.2181E+01  0.9749E+01
   0.240  0.2181E+01  0.9771E+01
   0.250  0.1805E+01  0.9789E+01
   0.260  0.1805E+01  0.9807E+01
   0.270  0.1805E+01  0.9825E+01
   0.280  0.1555E+01  0.9842E+01
   0.290  0.1555E+01  0.9857E+01
   0.300  0.1555E+01  0.9873E+01
   0.310  0.1555E+01  0.9888E+01
   0.320  0.1376E+01  0.9902E+01
   0.330  0.1376E+01  0.9916E+01
   0.340  0.8475E+01  0.1010E+02
   0.350  0.8473E+01  0.1018E+02
   0.360  0.5972E+01  0.1024E+02
   0.370  0.5972E+01  0.1030E+02
   0.380  0.4789E+01  0.1035E+02
   0.390  0.4789E+01  0.1040E+02
   0.400  0.1187E+02  0.1052E+02
   0.410  0.7621E+01  0.1060E+02
   0.420  0.6336E+01  0.1067E+02
   0.430  0.6336E+01  0.1073E+02
   0.440  0.5272E+01  0.1079E+02
   0.450  0.5272E+01  0.1084E+02
   0.460  0.5272E+01  0.1089E+02
   0.470  0.4835E+01  0.1094E+02
   0.480  0.4497E+01  0.1099E+02
   0.490  0.4497E+01  0.1104E+02
   0.500  0.4261E+01  0.1108E+02
   0.510  0.4261E+01  0.1112E+02
   0.520  0.4261E+01  0.1117E+02
   0.530  0.4007E+01  0.1121E+02
   0.540  0.3939E+01  0.1125E+02
   0.550  0.3770E+01  0.1129E+02
   0.560  0.3770E+01  0.1132E+02
   0.570  0.3770E+01  0.1136E+02
   0.580  0.3770E+01  0.1140E+02
   0.590  0.3447E+01  0.1143E+02
   0.600  0.3447E+01  0.1147E+02
   0.610  0.3390E+01  0.1150E+02
   0.620  0.3390E+01  0.1154E+02
   0.630  0.3390E+01  0.1157E+02
   0.640  0.3390E+01  0.1160E+02
   0.650  0.3134E+01  0.1164E+02
   0.660  0.3134E+01  0.1167E+02
   0.670  0.3134E+01  0.1170E+02
   0.680  0.3132E+01  0.1173E+02
   0.690  0.3084E+01  0.1176E+02
   0.700  0.3084E+01  0.1179E+02
   0.710  0.3005E+01  0.1182E+02
   0.720  0.2876E+01  0.1185E+02
   0.730  0.2876E+01  0.1188E+02
   0.740  0.2876E+01  0.1191E+02
   0.750  0.2876E+01  0.1194E+02
   0.760  0.2876E+01  0.1197E+02
   0.770  0.2876E+01  0.1200E+02
   0.780  0.2771E+01  0.1203E+02
   0.790  0.2663E+01  0.1205E+02
   0.800  0.2663E+01  0.1208E+02
   0.810  0.2663E+01  0.1211E+02
   0.820  0.2663E+01  0.1213E+02
   0.830  0.2663E+01  0.1216E+02
   0.840  0.2663E+01  0.1219E+02
   0.850  0.2663E+01  0.1221E+02
   0.860  0.2610E+01  0.1224E+02
   0.870  0.2574E+01  0.1226E+02
   0.880  0.2483E+01  0.1229E+02
   0.890  0.2483E+01  0.1231E+02
   0.900  0.2483E+01  0.1234E+02
   0.910  0.2483E+01  0.1236E+02
   0.920  0.2483E+01  0.1239E+02
   0.930  0.2483E+01  0.1241E+02
   0.940  0.2438E+01  0.1244E+02
   0.950  0.2438E+01  0.1246E+02
   0.960  0.2407E+01  0.1249E+02
   0.970  0.2329E+01  0.1251E+02
   0.980  0.2329E+01  0.1253E+02
   0.990  0.2329E+01  0.1256E+02
   1.000  0.2329E+01  0.1258E+02
   1.010  0.2329E+01  0.1260E+02
   1.020  0.2327E+01  0.1263E+02
   1.030  0.2288E+01  0.1265E+02
   1.040  0.2288E+01  0.1267E+02
   1.050  0.2288E+01  0.1270E+02
   1.060  0.2288E+01  0.1272E+02
   1.070  0.2193E+01  0.1274E+02
   1.080  0.2193E+01  0.1276E+02
   1.090  0.2193E+01  0.1279E+02
   1.100  0.2193E+01  0.1281E+02
   1.110  0.2193E+01  0.1283E+02
   1.120  0.2193E+01  0.1285E+02
   1.130  0.2159E+01  0.1287E+02
   1.140  0.2159E+01  0.1289E+02
   1.150  0.2159E+01  0.1292E+02
   1.160  0.2159E+01  0.1294E+02
   1.170  0.2100E+01  0.1296E+02
   1.180  0.2076E+01  0.1298E+02
   1.190  0.2076E+01  0.1300E+02
   1.200  0.2076E+01  0.1302E+02
   1.210  0.2076E+01  0.1304E+02
   1.220  0.2076E+01  0.1306E+02
   1.230  0.2076E+01  0.1308E+02
   1.240  0.2047E+01  0.1310E+02
   1.250  0.2047E+01  0.1312E+02
   1.260  0.2047E+01  0.1314E+02
   1.270  0.2047E+01  0.1317E+02
   1.280  0.1994E+01  0.1319E+02
   1.290  0.1994E+01  0.1321E+02
   1.300  0.1973E+01  0.1323E+02
   1.310  0.1973E+01  0.1325E+02
   1.320  0.1973E+01  0.1326E+02
   1.330  0.1973E+01  0.1328E+02
   1.340  0.1973E+01  0.1330E+02
   1.350  0.2053E+01  0.1332E+02
   1.360  0.2053E+01  0.1334E+02
   1.370  0.2053E+01  0.1336E+02
   1.380  0.2053E+01  0.1339E+02
   1.390  0.2053E+01  0.1341E+02
   1.400  0.2007E+01  0.1343E+02
   1.410  0.2007E+01  0.1345E+02
   1.420  0.1987E+01  0.1347E+02
   1.430  0.1987E+01  0.1349E+02
   1.440  0.1987E+01  0.1351E+02
   1.450  0.1987E+01  0.1353E+02
   1.460  0.1987E+01  0.1355E+02
   1.470  0.1964E+01  0.1357E+02
   1.480  0.1964E+01  0.1359E+02
   1.490  0.1964E+01  0.1360E+02
   1.500  0.1964E+01  0.1362E+02
   1.510  0.1964E+01  0.1364E+02
   1.520  0.1923E+01  0.1366E+02
   1.530  0.1923E+01  0.1368E+02
   1.540  0.1923E+01  0.1370E+02
   1.550  0.1287E+01  0.1372E+02
   1.560  0.1287E+01  0.1373E+02
   1.570  0.1287E+01  0.1374E+02
   1.580  0.1287E+01  0.1376E+02
   1.590  0.1266E+01  0.1377E+02
   1.600  0.1266E+01  0.1378E+02
   1.610  0.1266E+01  0.1379E+02
   1.620  0.1266E+01  0.1381E+02
   1.630  0.1266E+01  0.1382E+02
   1.640  0.1266E+01  0.1383E+02
   1.650  0.1266E+01  0.1384E+02
   1.660  0.3406E+01  0.1387E+02
   1.670  0.3406E+01  0.1391E+02
   1.680  0.1009E+02  0.1395E+02
   1.690  0.7214E+00  0.1402E+02
   1.700  0.7214E+00  0.1403E+02
   1.710  0.7214E+00  0.1403E+02
   1.720  0.1029E+01  0.1404E+02
   1.730  0.1029E+01  0.1405E+02
   1.740  0.1029E+01  0.1406E+02
   1.750  0.1029E+01  0.1407E+02
   1.760  0.1029E+01  0.1408E+02
   1.770  0.1029E+01  0.1409E+02
   1.780  0.1029E+01  0.1410E+02
   1.790  0.1029E+01  0.1411E+02
   1.800  0.6868E+00  0.1412E+02
   1.810  0.6868E+00  0.1413E+02
   1.820  0.6868E+00  0.1413E+02
   1.830  0.6725E+00  0.1414E+02
   1.840  0.6725E+00  0.1415E+02
   1.850  0.6725E+00  0.1415E+02
   1.860  0.6725E+00  0.1416E+02
   1.870  0.6725E+00  0.1417E+02
   1.880  0.6725E+00  0.1417E+02
   1.890  0.6725E+00  0.1418E+02
   1.900  0.6725E+00  0.1419E+02
   1.910  0.6725E+00  0.1419E+02
   1.920  0.6725E+00  0.1420E+02
   1.930  0.6725E+00  0.1421E+02
   1.940  0.6571E+00  0.1421E+02
   1.950  0.6571E+00  0.1422E+02
   1.960  0.6571E+00  0.1423E+02
   1.970  0.6441E+00  0.1423E+02
   1.980  0.6441E+00  0.1424E+02
   1.990  0.6441E+00  0.1425E+02
   2.000  0.6441E+00  0.1425E+02
   2.010  0.6441E+00  0.1426E+02
   2.020  0.6441E+00  0.1427E+02
   2.030  0.6441E+00  0.1427E+02
   2.040  0.6441E+00  0.1428E+02
   2.050  0.6441E+00  0.1429E+02
   2.060  0.6441E+00  0.1429E+02
   2.070  0.6441E+00  0.1430E+02
   2.080  0.6441E+00  0.1430E+02
   2.090  0.6441E+00  0.1431E+02
   2.100  0.6300E+00  0.1432E+02
   2.110  0.6300E+00  0.1432E+02
   2.120  0.6300E+00  0.1433E+02
   2.130  0.6181E+00  0.1434E+02
   2.140  0.6181E+00  0.1434E+02
   2.150  0.6181E+00  0.1435E+02
   2.160  0.6181E+00  0.1435E+02
   2.170  0.6181E+00  0.1436E+02
   2.180  0.6181E+00  0.1437E+02
   2.190  0.6181E+00  0.1437E+02
   2.200  0.6181E+00  0.1438E+02
   2.210  0.6181E+00  0.1439E+02
   2.220  0.6181E+00  0.1439E+02
   2.230  0.6181E+00  0.1440E+02
   2.240  0.6181E+00  0.1440E+02
   2.250  0.6053E+00  0.1441E+02
   2.260  0.6053E+00  0.1442E+02
   2.270  0.6053E+00  0.1442E+02
   2.280  0.6053E+00  0.1443E+02
   2.290  0.5944E+00  0.1443E+02
   2.300  0.5944E+00  0.1444E+02
   2.310  0.5944E+00  0.1445E+02
   2.320  0.5944E+00  0.1445E+02
   2.330  0.5944E+00  0.1446E+02
   2.340  0.5944E+00  0.1446E+02
   2.350  0.5944E+00  0.1447E+02
   2.360  0.5944E+00  0.1448E+02
   2.370  0.5944E+00  0.1448E+02
   2.380  0.5944E+00  0.1449E+02
   2.390  0.5944E+00  0.1449E+02
   2.400  0.5944E+00  0.1450E+02
   2.410  0.5944E+00  0.1451E+02
   2.420  0.5826E+00  0.1451E+02
   2.430  0.5826E+00  0.1452E+02
   2.440  0.5826E+00  0.1452E+02
   2.450  0.5726E+00  0.1453E+02
   2.460  0.5726E+00  0.1453E+02
   2.470  0.5726E+00  0.1454E+02
   2.480  0.5726E+00  0.1455E+02
   2.490  0.5726E+00  0.1455E+02
   2.500  0.5726E+00  0.1456E+02
   2.510  0.5726E+00  0.1456E+02
   2.520  0.5726E+00  0.1457E+02
   2.530  0.5726E+00  0.1457E+02
   2.540  0.5726E+00  0.1458E+02
   2.550  0.5726E+00  0.1459E+02
   2.560  0.5726E+00  0.1459E+02
   2.570  0.5726E+00  0.1460E+02
   2.580  0.5726E+00  0.1460E+02
   2.590  0.5726E+00  0.1461E+02
   2.600  0.5617E+00  0.1461E+02
   2.610  0.5617E+00  0.1462E+02
   2.620  0.5526E+00  0.1463E+02
   2.630  0.5526E+00  0.1463E+02
   2.640  0.5526E+00  0.1464E+02
   2.650  0.5526E+00  0.1464E+02
   2.660  0.5526E+00  0.1465E+02
   2.670  0.5526E+00  0.1465E+02
   2.680  0.5526E+00  0.1466E+02
   2.690  0.5526E+00  0.1466E+02
   2.700  0.5526E+00  0.1467E+02
   2.710  0.5526E+00  0.1468E+02
   2.720  0.5526E+00  0.1468E+02
   2.730  0.5526E+00  0.1469E+02
   2.740  0.5526E+00  0.1469E+02
   2.750  0.5526E+00  0.1470E+02
   2.760  0.5526E+00  0.1470E+02
   2.770  0.5526E+00  0.1471E+02
   2.780  0.5425E+00  0.1471E+02
   2.790  0.5425E+00  0.1472E+02
   2.800  0.5342E+00  0.1473E+02
   2.810  0.5342E+00  0.1473E+02
   2.820  0.5342E+00  0.1474E+02
   2.830  0.5342E+00  0.1474E+02
   2.840  0.5342E+00  0.1475E+02
   2.850  0.5342E+00  0.1475E+02
   2.860  0.5342E+00  0.1476E+02
   2.870  0.5342E+00  0.1476E+02
   2.880  0.5342E+00  0.1477E+02
   2.890  0.5342E+00  0.1477E+02
   2.900  0.5342E+00  0.1478E+02
   2.910  0.5342E+00  0.1478E+02
   2.920  0.5342E+00  0.1479E+02
   2.930  0.5342E+00  0.1479E+02
   2.940  0.5342E+00  0.1480E+02
   2.950  0.5342E+00  0.1481E+02
   2.960  0.5248E+00  0.1481E+02
   2.970  0.5248E+00  0.1482E+02
   2.980  0.5172E+00  0.1482E+02
   2.990  0.5172E+00  0.1483E+02
   3.000  0.5172E+00  0.1483E+02
   3.010  0.5172E+00  0.1484E+02
   3.020  0.5172E+00  0.1484E+02
   3.030  0.5172E+00  0.1485E+02
   3.040  0.5172E+00  0.1485E+02
   3.050  0.5172E+00  0.1486E+02
   3.060  0.5172E+00  0.1486E+02
   3.070  0.5172E+00  0.1487E+02
   3.080  0.5172E+00  0.1487E+02
   3.090  0.5172E+00  0.1488E+02
   3.100  0.5172E+00  0.1488E+02
   3.110  0.5172E+00  0.1489E+02
   3.120  0.5172E+00  0.1489E+02
   3.130  0.5172E+00  0.1490E+02
   3.140  0.5172E+00  0.1490E+02
   3.150  0.5172E+00  0.1491E+02
   3.160  0.5085E+00  0.1491E+02
   3.170  0.5016E+00  0.1492E+02
   3.180  0.5016E+00  0.1492E+02
   3.190  0.5016E+00  0.1493E+02
   3.200  0.5016E+00  0.1493E+02
   3.210  0.5016E+00  0.1494E+02
   3.220  0.5016E+00  0.1494E+02
   3.230  0.5016E+00  0.1495E+02
   3.240  0.5016E+00  0.1495E+02
   3.250  0.5016E+00  0.1496E+02
   3.260  0.5016E+00  0.1496E+02
   3.270  0.5016E+00  0.1497E+02
   3.280  0.5016E+00  0.1497E+02
   3.290  0.5016E+00  0.1498E+02
   3.300  0.5016E+00  0.1498E+02
   3.310  0.5016E+00  0.1499E+02
   3.320  0.5016E+00  0.1499E+02
   3.330  0.5016E+00  0.1500E+02
   3.340  0.5016E+00  0.1500E+02
   3.350  0.5016E+00  0.1501E+02
   3.360  0.4872E+00  0.1501E+02
   3.370  0.4872E+00  0.1502E+02
   3.380  0.4872E+00  0.1502E+02
   3.390  0.4872E+00  0.1503E+02
   3.400  0.4872E+00  0.1503E+02
   3.410  0.4872E+00  0.1504E+02
   3.420  0.4872E+00  0.1504E+02
   3.430  0.4872E+00  0.1505E+02
   3.440  0.4872E+00  0.1505E+02
   3.450  0.4872E+00  0.1506E+02
   3.460  0.4872E+00  0.1506E+02
   3.470  0.4872E+00  0.1507E+02
   3.480  0.4872E+00  0.1507E+02
   3.490  0.4872E+00  0.1508E+02
   3.500  0.4872E+00  0.1508E+02
   3.510  0.4872E+00  0.1509E+02
   3.520  0.4872E+00  0.1509E+02
   3.530  0.4872E+00  0.1510E+02
   3.540  0.4872E+00  0.1510E+02
   3.550  0.4872E+00  0.1511E+02
   3.560  0.4816E+00  0.1511E+02
   3.570  0.4740E+00  0.1512E+02
   3.580  0.4740E+00  0.1512E+02
   3.590  0.4740E+00  0.1513E+02
   3.600  0.4740E+00  0.1513E+02
   3.610  0.4740E+00  0.1514E+02
   3.620  0.4740E+00  0.1514E+02
   3.630  0.4740E+00  0.1514E+02
   3.640  0.4740E+00  0.1515E+02
   3.650  0.4740E+00  0.1515E+02
   3.660  0.4740E+00  0.1516E+02
   3.670  0.4740E+00  0.1516E+02
   3.680  0.4740E+00  0.1517E+02
   3.690  0.4740E+00  0.1517E+02
   3.700  0.4740E+00  0.1518E+02
   3.710  0.4740E+00  0.1518E+02
   3.720  0.4740E+00  0.1519E+02
   3.730  0.4740E+00  0.1519E+02
   3.740  0.4740E+00  0.1520E+02
   3.750  0.4740E+00  0.1520E+02
   3.760  0.4691E+00  0.1521E+02
   3.770  0.4691E+00  0.1521E+02
   3.780  0.4619E+00  0.1522E+02
   3.790  0.4619E+00  0.1522E+02
   3.800  0.4619E+00  0.1523E+02
   3.810  0.4619E+00  0.1523E+02
   3.820  0.4619E+00  0.1523E+02
   3.830  0.4619E+00  0.1524E+02
   3.840  0.4619E+00  0.1524E+02
   3.850  0.4619E+00  0.1525E+02
   3.860  0.4619E+00  0.1525E+02
   3.870  0.4619E+00  0.1526E+02
   3.880  0.4619E+00  0.1526E+02
   3.890  0.4619E+00  0.1527E+02
   3.900  0.4619E+00  0.1527E+02
   3.910  0.4619E+00  0.1528E+02
   3.920  0.4619E+00  0.1528E+02
   3.930  0.4619E+00  0.1529E+02
   3.940  0.4619E+00  0.1529E+02
   3.950  0.4619E+00  0.1529E+02
   3.960  0.4619E+00  0.1530E+02
   3.970  0.4577E+00  0.1530E+02
   3.980  0.4577E+00  0.1531E+02
   3.990  0.4577E+00  0.1531E+02
   4.000  0.4577E+00  0.1532E+02
   4.010  0.4509E+00  0.1532E+02
   4.020  0.4509E+00  0.1533E+02
   4.030  0.4509E+00  0.1533E+02
   4.040  0.4509E+00  0.1534E+02
   4.050  0.4509E+00  0.1534E+02
   4.060  0.4509E+00  0.1534E+02
   4.070  0.4509E+00  0.1535E+02
   4.080  0.4509E+00  0.1535E+02
   4.090  0.4509E+00  0.1536E+02
   4.100  0.4509E+00  0.1536E+02
   4.110  0.4509E+00  0.1537E+02
   4.120  0.4509E+00  0.1537E+02
   4.130  0.4509E+00  0.1538E+02
   4.140  0.4509E+00  0.1538E+02
   4.150  0.4509E+00  0.1539E+02
   4.160  0.4509E+00  0.1539E+02
   4.170  0.4509E+00  0.1539E+02
   4.180  0.4474E+00  0.1540E+02
   4.190  0.4474E+00  0.1540E+02
   4.200  0.4474E+00  0.1541E+02
   4.210  0.4474E+00  0.1541E+02
   4.220  0.4474E+00  0.1542E+02
   4.230  0.4474E+00  0.1542E+02
   4.240  0.4411E+00  0.1543E+02
   4.250  0.4411E+00  0.1543E+02
   4.260  0.4411E+00  0.1543E+02
   4.270  0.4411E+00  0.1544E+02
   4.280  0.4411E+00  0.1544E+02
   4.290  0.4411E+00  0.1545E+02
   4.300  0.4411E+00  0.1545E+02
   4.310  0.4411E+00  0.1546E+02
   4.320  0.4411E+00  0.1546E+02
   4.330  0.4411E+00  0.1546E+02
   4.340  0.4411E+00  0.1547E+02
   4.350  0.4411E+00  0.1547E+02
   4.360  0.4411E+00  0.1548E+02
   4.370  0.4411E+00  0.1548E+02
   4.380  0.4411E+00  0.1549E+02
   4.390  0.4383E+00  0.1549E+02
   4.400  0.4383E+00  0.1550E+02
   4.410  0.4383E+00  0.1550E+02
   4.420  0.4383E+00  0.1550E+02
   4.430  0.4383E+00  0.1551E+02
   4.440  0.4383E+00  0.1551E+02
   4.450  0.4383E+00  0.1552E+02
   4.460  0.4383E+00  0.1552E+02
   4.470  0.4324E+00  0.1553E+02
   4.480  0.4324E+00  0.1553E+02
   4.490  0.4324E+00  0.1554E+02
   4.500  0.4324E+00  0.1554E+02
   4.510  0.4324E+00  0.1554E+02
   4.520  0.4324E+00  0.1555E+02
   4.530  0.4324E+00  0.1555E+02
   4.540  0.4324E+00  0.1556E+02
   4.550  0.4324E+00  0.1556E+02
   4.560  0.4324E+00  0.1557E+02
   4.570  0.4324E+00  0.1557E+02
   4.580  0.4324E+00  0.1557E+02
   4.590  0.4324E+00  0.1558E+02
   4.600  0.4305E+00  0.1558E+02
   4.610  0.4305E+00  0.1559E+02
   4.620  0.4305E+00  0.1559E+02
   4.630  0.4305E+00  0.1560E+02
   4.640  0.4305E+00  0.1560E+02
   4.650  0.4305E+00  0.1560E+02
   4.660  0.4305E+00  0.1561E+02
   4.670  0.4305E+00  0.1561E+02
   4.680  0.4305E+00  0.1562E+02
   4.690  0.4305E+00  0.1562E+02
   4.700  0.4305E+00  0.1563E+02
   4.710  0.4305E+00  0.1563E+02
   4.720  0.4249E+00  0.1563E+02
   4.730  0.4249E+00  0.1564E+02
   4.740  0.4249E+00  0.1564E+02
   4.750  0.4249E+00  0.1565E+02
   4.760  0.4249E+00  0.1565E+02
   4.770  0.4249E+00  0.1566E+02
   4.780  0.4249E+00  0.1566E+02
   4.790  0.4249E+00  0.1566E+02
   4.800  0.4249E+00  0.1567E+02
   4.810  0.4249E+00  0.1567E+02
   4.820  0.4240E+00  0.1568E+02
   4.830  0.4240E+00  0.1568E+02
   4.840  0.4240E+00  0.1569E+02
   4.850  0.4240E+00  0.1569E+02
   4.860  0.4240E+00  0.1569E+02
   4.870  0.4240E+00  0.1570E+02
   4.880  0.4240E+00  0.1570E+02
   4.890  0.4240E+00  0.1571E+02
   4.900  0.4240E+00  0.1571E+02
   4.910  0.4240E+00  0.1571E+02
   4.920  0.4240E+00  0.1572E+02
   4.930  0.4240E+00  0.1572E+02
   4.940  0.4240E+00  0.1573E+02
   4.950  0.4240E+00  0.1573E+02
   4.960  0.4240E+00  0.1574E+02
   4.970  0.4187E+00  0.1574E+02
   4.980  0.4187E+00  0.1574E+02
   4.990  0.4187E+00  0.1575E+02
   5.000  0.4187E+00  0.1575E+02
   5.010  0.4187E+00  0.1576E+02
   5.020  0.4187E+00  0.1576E+02
   5.030  0.4187E+00  0.1577E+02
   5.040  0.4192E+00  0.1577E+02
   5.050  0.4192E+00  0.1577E+02
   5.060  0.4192E+00  0.1578E+02
   5.070  0.4192E+00  0.1578E+02
   5.080  0.4192E+00  0.1579E+02
   5.090  0.4192E+00  0.1579E+02
   5.100  0.4192E+00  0.1579E+02
   5.110  0.4192E+00  0.1580E+02
   5.120  0.4192E+00  0.1580E+02
   5.130  0.4192E+00  0.1581E+02
   5.140  0.4192E+00  0.1581E+02
   5.150  0.4192E+00  0.1582E+02
   5.160  0.4192E+00  0.1582E+02
   5.170  0.4192E+00  0.1582E+02
   5.180  0.4192E+00  0.1583E+02
   5.190  0.4192E+00  0.1583E+02
   5.200  0.4192E+00  0.1584E+02
   5.210  0.4192E+00  0.1584E+02
   5.220  0.4142E+00  0.1585E+02
   5.230  0.4142E+00  0.1585E+02
   5.240  0.4142E+00  0.1585E+02
   5.250  0.4142E+00  0.1586E+02
   5.260  0.4161E+00  0.1586E+02
   5.270  0.4161E+00  0.1587E+02
   5.280  0.4161E+00  0.1587E+02
   5.290  0.4161E+00  0.1587E+02
   5.300  0.4161E+00  0.1588E+02
   5.310  0.4161E+00  0.1588E+02
   5.320  0.4161E+00  0.1589E+02
   5.330  0.4161E+00  0.1589E+02
   5.340  0.4161E+00  0.1589E+02
   5.350  0.4161E+00  0.1590E+02
   5.360  0.4161E+00  0.1590E+02
   5.370  0.4161E+00  0.1591E+02
   5.380  0.4161E+00  0.1591E+02
   5.390  0.4161E+00  0.1592E+02
   5.400  0.4161E+00  0.1592E+02
   5.410  0.4161E+00  0.1592E+02
   5.420  0.4161E+00  0.1593E+02
   5.430  0.4161E+00  0.1593E+02
   5.440  0.4161E+00  0.1594E+02
   5.450  0.4161E+00  0.1594E+02
   5.460  0.4161E+00  0.1594E+02
   5.470  0.3819E+01  0.1596E+02
   5.480  0.3819E+01  0.1600E+02
   5.490  0.0000E+00  0.1600E+02
   5.500  0.0000E+00  0.1600E+02
   5.510  0.0000E+00  0.1600E+02
   5.520  0.0000E+00  0.1600E+02
   5.530  0.0000E+00  0.1600E+02
   5.540  0.0000E+00  0.1600E+02
   5.550  0.0000E+00  0.1600E+02
   5.560  0.0000E+00  0.1600E+02
   5.570  0.0000E+00  0.1600E+02
   5.580  0.0000E+00  0.1600E+02
   5.590  0.0000E+00  0.1600E+02
   5.600  0.0000E+00  0.1600E+02
   5.610  0.0000E+00  0.1600E+02
   5.620  0.0000E+00  0.1600E+02
   5.630  0.0000E+00  0.1600E+02
   5.640  0.0000E+00  0.1600E+02
   5.650  0.0000E+00  0.1600E+02
   5.660  0.0000E+00  0.1600E+02
   5.670  0.0000E+00  0.1600E+02
   5.680  0.0000E+00  0.1600E+02
   5.690  0.0000E+00  0.1600E+02
   5.700  0.0000E+00  0.1600E+02
   5.710  0.0000E+00  0.1600E+02
   5.720  0.0000E+00  0.1600E+02
   5.730  0.0000E+00  0.1600E+02
   5.740  0.0000E+00  0.1600E+02
   5.750  0.0000E+00  0.1600E+02
   5.760  0.0000E+00  0.1600E+02
   5.770  0.0000E+00  0.1600E+02
   5.780  0.0000E+00  0.1600E+02
   5.790  0.0000E+00  0.1600E+02
   5.800  0.0000E+00  0.1600E+02
   5.810  0.0000E+00  0.1600E+02
   5.820  0.0000E+00  0.1600E+02
   5.830  0.0000E+00  0.1600E+02
   5.840  0.0000E+00  0.1600E+02
   5.850  0.0000E+00  0.1600E+02
   5.860  0.0000E+00  0.1600E+02
   5.870  0.0000E+00  0.1600E+02
   5.880  0.0000E+00  0.1600E+02
   5.890  0.0000E+00  0.1600E+02
   5.900  0.0000E+00  0.1600E+02
   5.910  0.0000E+00  0.1600E+02
   5.920  0.0000E+00  0.1600E+02
   5.930  0.0000E+00  0.1600E+02
   5.940  0.0000E+00  0.1600E+02
   5.950  0.0000E+00  0.1600E+02
   5.960  0.0000E+00  0.1600E+02
   5.970  0.0000E+00  0.1600E+02
   5.980  0.0000E+00  0.1600E+02
   5.990  0.0000E+00  0.1600E+02
   6.000  0.0000E+00  0.1600E+02
