 &plot nbnd=  16, nks=    21 /
            0.000000  0.000000  0.000000
  -20.691  -13.491   -9.744   -9.744   -0.501    0.987    1.044    1.044    1.238    2.109
    2.596    2.596    3.042    4.197    4.329    5.624
            0.000000  0.000000  0.097483
  -20.683  -13.508   -9.731   -9.731   -0.487    1.001    1.058    1.058    1.252    2.123
    2.610    2.610    3.056    4.220    4.343    5.638
            0.000000  0.000000  0.194966
  -20.659  -13.559   -9.690   -9.690   -0.445    1.044    1.101    1.101    1.293    2.166
    2.653    2.653    3.097    4.290    4.386    5.681
            0.000000  0.000000  0.292450
  -20.619  -13.643   -9.623   -9.623   -0.375    1.116    1.172    1.172    1.362    2.238
    2.724    2.724    3.165    4.405    4.457    5.753
            0.000000  0.000000  0.389933
  -20.562  -13.758   -9.528   -9.528   -0.278    1.216    1.272    1.272    1.458    2.338
    2.823    2.823    3.261    4.558    4.561    5.607
            0.000000  0.000000  0.487416
  -20.490  -13.902   -9.407   -9.407   -0.152    1.344    1.400    1.400    1.581    2.466
    2.952    2.952    3.383    4.686    4.757    5.058
            0.000000  0.000000  0.584899
  -20.402  -14.072   -9.259   -9.259    0.001    1.501    1.557    1.557    1.732    2.624
    3.108    3.108    3.533    4.452    4.452    4.843
            0.000000  0.000000  0.682382
  -20.299  -14.266   -9.083   -9.083    0.182    1.687    1.742    1.742    1.910    2.809
    3.293    3.293    3.710    3.807    3.807    5.029
            0.000000  0.000000  0.779865
  -20.180  -14.481   -8.882   -8.882    0.390    1.902    1.955    1.955    2.114    3.024
    3.138    3.138    3.507    3.507    3.913    5.244
            0.000000  0.000000  0.877349
  -20.046  -14.714   -8.653   -8.653    0.626    2.145    2.197    2.197    2.346    2.457
    2.457    3.267    3.749    3.749    4.144    5.487
            0.000000  0.000000  0.974832
  -19.898  -14.961   -8.398   -8.398    0.889    1.771    1.771    2.416    2.468    2.468
    2.604    3.538    4.019    4.019    4.401    5.758
            0.000000  0.000000  1.072315
  -19.736  -15.221   -8.116   -8.116    1.087    1.087    1.180    2.716    2.767    2.767
    2.889    3.838    4.318    4.318    4.684    6.058
            0.000000  0.000000  1.169798
  -19.559  -15.491   -7.808   -7.808    0.411    0.411    1.497    3.045    3.094    3.094
    3.199    4.167    4.645    4.645    4.993    6.387
            0.000000  0.000000  1.267281
  -19.370  -15.767   -7.474   -7.474   -0.255   -0.255    1.841    3.402    3.450    3.450
    3.536    4.525    5.001    5.001    5.329    6.744
            0.000000  0.000000  1.364764
  -19.167  -16.048   -7.114   -7.114   -0.907   -0.907    2.211    3.788    3.834    3.834
    3.897    4.910    5.385    5.385    5.689    6.892
            0.000000  0.000000  1.462248
  -18.953  -16.332   -6.729   -6.729   -1.543   -1.543    2.606    4.203    4.246    4.246
    4.282    5.325    5.798    5.798    6.074    6.841
            0.000000  0.000000  1.559731
  -18.727  -16.616   -6.317   -6.317   -2.161   -2.161    3.026    4.646    4.687    4.687
    4.690    5.768    6.238    6.238    6.482    6.638
            0.000000  0.000000  1.657214
  -18.491  -16.899   -5.881   -5.881   -2.759   -2.759    3.468    5.118    5.120    5.156
    5.156    6.240    6.300    6.708    6.708    6.913
            0.000000  0.000000  1.754697
  -18.244  -17.179   -5.420   -5.420   -3.336   -3.336    3.931    5.568    5.618    5.653
    5.653    5.872    6.740    7.205    7.205    7.365
            0.000000  0.000000  1.852180
  -17.989  -17.455   -4.934   -4.934   -3.892   -3.892    4.412    5.396    6.033    6.147
    6.179    6.179    6.996    7.269    7.290    7.315
            0.000000  0.000000  1.949663
  -17.726  -17.725   -4.426   -4.426   -4.423   -4.423    4.903    4.903    6.511    6.511
    6.704    6.704    6.733    6.733    6.733    6.733
