# E (eV) pdos(E) 
-20.691  0.000E+00
-20.681  0.610E+01
-20.671  0.406E+01
-20.661  0.304E+01
-20.651  0.242E+01
-20.641  0.240E+01
-20.631  0.200E+01
-20.621  0.199E+01
-20.611  0.198E+01
-20.601  0.169E+01
-20.591  0.168E+01
-20.581  0.168E+01
-20.571  0.146E+01
-20.561  0.146E+01
-20.551  0.145E+01
-20.541  0.128E+01
-20.531  0.128E+01
-20.521  0.127E+01
-20.511  0.114E+01
-20.501  0.114E+01
-20.491  0.113E+01
-20.481  0.113E+01
-20.471  0.102E+01
-20.461  0.102E+01
-20.451  0.102E+01
-20.441  0.101E+01
-20.431  0.925E+00
-20.421  0.922E+00
-20.411  0.918E+00
-20.401  0.914E+00
-20.391  0.910E+00
-20.381  0.839E+00
-20.371  0.836E+00
-20.361  0.832E+00
-20.351  0.830E+00
-20.341  0.826E+00
-20.331  0.766E+00
-20.321  0.763E+00
-20.311  0.760E+00
-20.301  0.758E+00
-20.291  0.754E+00
-20.281  0.752E+00
-20.271  0.700E+00
-20.261  0.698E+00
-20.251  0.696E+00
-20.241  0.692E+00
-20.231  0.690E+00
-20.221  0.646E+00
-20.211  0.644E+00
-20.201  0.642E+00
-20.191  0.640E+00
-20.181  0.638E+00
-20.171  0.634E+00
-20.161  0.598E+00
-20.151  0.596E+00
-20.141  0.593E+00
-20.131  0.591E+00
-20.121  0.588E+00
-20.111  0.586E+00
-20.101  0.584E+00
-20.091  0.552E+00
-20.081  0.550E+00
-20.071  0.548E+00
-20.061  0.546E+00
-20.051  0.544E+00
-20.041  0.542E+00
-20.031  0.540E+00
-20.021  0.512E+00
-20.011  0.510E+00
-20.001  0.508E+00
-19.991  0.507E+00
-19.981  0.506E+00
-19.971  0.504E+00
-19.961  0.502E+00
-19.951  0.476E+00
-19.941  0.476E+00
-19.931  0.474E+00
-19.921  0.472E+00
-19.911  0.470E+00
-19.901  0.469E+00
-19.891  0.468E+00
-19.881  0.466E+00
-19.871  0.444E+00
-19.861  0.442E+00
-19.851  0.442E+00
-19.841  0.440E+00
-19.831  0.438E+00
-19.821  0.436E+00
-19.811  0.436E+00
-19.801  0.434E+00
-19.791  0.414E+00
-19.781  0.414E+00
-19.771  0.412E+00
-19.761  0.410E+00
-19.751  0.410E+00
-19.741  0.408E+00
-19.731  0.406E+00
-19.721  0.406E+00
-19.711  0.388E+00
-19.701  0.388E+00
-19.691  0.386E+00
-19.681  0.385E+00
-19.671  0.384E+00
-19.661  0.382E+00
-19.651  0.382E+00
-19.641  0.380E+00
-19.631  0.378E+00
-19.621  0.364E+00
-19.611  0.362E+00
-19.601  0.362E+00
-19.591  0.360E+00
-19.581  0.360E+00
-19.571  0.358E+00
-19.561  0.356E+00
-19.551  0.356E+00
-19.541  0.342E+00
-19.531  0.342E+00
-19.521  0.340E+00
-19.511  0.340E+00
-19.501  0.338E+00
-19.491  0.338E+00
-19.481  0.336E+00
-19.471  0.335E+00
-19.461  0.334E+00
-19.451  0.333E+00
-19.441  0.321E+00
-19.431  0.320E+00
-19.421  0.319E+00
-19.411  0.318E+00
-19.401  0.318E+00
-19.391  0.316E+00
-19.381  0.316E+00
-19.371  0.314E+00
-19.361  0.314E+00
-19.351  0.302E+00
-19.341  0.302E+00
-19.331  0.300E+00
-19.321  0.300E+00
-19.311  0.299E+00
-19.301  0.298E+00
-19.291  0.298E+00
-19.281  0.296E+00
-19.271  0.296E+00
-19.261  0.294E+00
-19.251  0.284E+00
-19.241  0.284E+00
-19.231  0.284E+00
-19.221  0.282E+00
-19.211  0.282E+00
-19.201  0.280E+00
-19.191  0.280E+00
-19.181  0.280E+00
-19.171  0.278E+00
-19.161  0.278E+00
-19.151  0.268E+00
-19.141  0.268E+00
-19.131  0.268E+00
-19.121  0.266E+00
-19.111  0.266E+00
-19.101  0.265E+00
-19.091  0.264E+00
-19.081  0.264E+00
-19.071  0.262E+00
-19.061  0.262E+00
-19.051  0.262E+00
-19.041  0.254E+00
-19.031  0.252E+00
-19.021  0.252E+00
-19.011  0.252E+00
-19.001  0.250E+00
-18.991  0.250E+00
-18.981  0.249E+00
-18.971  0.248E+00
-18.961  0.248E+00
-18.951  0.246E+00
-18.941  0.246E+00
-18.931  0.240E+00
-18.921  0.238E+00
-18.911  0.238E+00
-18.901  0.238E+00
-18.891  0.236E+00
-18.881  0.236E+00
-18.871  0.236E+00
-18.861  0.234E+00
-18.851  0.234E+00
-18.841  0.234E+00
-18.831  0.232E+00
-18.821  0.226E+00
-18.811  0.226E+00
-18.801  0.225E+00
-18.791  0.224E+00
-18.781  0.224E+00
-18.771  0.224E+00
-18.761  0.222E+00
-18.751  0.222E+00
-18.741  0.222E+00
-18.731  0.220E+00
-18.721  0.220E+00
-18.711  0.214E+00
-18.701  0.214E+00
-18.691  0.214E+00
-18.681  0.212E+00
-18.671  0.212E+00
-18.661  0.212E+00
-18.651  0.210E+00
-18.641  0.210E+00
-18.631  0.210E+00
-18.621  0.209E+00
-18.611  0.208E+00
-18.601  0.208E+00
-18.591  0.203E+00
-18.581  0.202E+00
-18.571  0.202E+00
-18.561  0.202E+00
-18.551  0.200E+00
-18.541  0.200E+00
-18.531  0.199E+00
-18.521  0.199E+00
-18.511  0.199E+00
-18.501  0.198E+00
-18.491  0.197E+00
-18.481  0.193E+00
-18.471  0.192E+00
-18.461  0.192E+00
-18.451  0.191E+00
-18.441  0.191E+00
-18.431  0.190E+00
-18.421  0.190E+00
-18.411  0.189E+00
-18.401  0.189E+00
-18.391  0.188E+00
-18.381  0.188E+00
-18.371  0.187E+00
-18.361  0.183E+00
-18.351  0.183E+00
-18.341  0.182E+00
-18.331  0.182E+00
-18.321  0.181E+00
-18.311  0.181E+00
-18.301  0.180E+00
-18.291  0.179E+00
-18.281  0.179E+00
-18.271  0.178E+00
-18.261  0.178E+00
-18.251  0.177E+00
-18.241  0.177E+00
-18.231  0.173E+00
-18.221  0.173E+00
-18.211  0.172E+00
-18.201  0.172E+00
-18.191  0.171E+00
-18.181  0.171E+00
-18.171  0.171E+00
-18.161  0.170E+00
-18.151  0.170E+00
-18.141  0.169E+00
-18.131  0.169E+00
-18.121  0.168E+00
-18.111  0.165E+00
-18.101  0.165E+00
-18.091  0.164E+00
-18.081  0.164E+00
-18.071  0.163E+00
-18.061  0.163E+00
-18.051  0.162E+00
-18.041  0.162E+00
-18.031  0.161E+00
-18.021  0.161E+00
-18.011  0.160E+00
-18.001  0.160E+00
-17.991  0.160E+00
-17.981  0.157E+00
-17.971  0.156E+00
-17.961  0.156E+00
-17.951  0.155E+00
-17.941  0.155E+00
-17.931  0.155E+00
-17.921  0.154E+00
-17.911  0.154E+00
-17.901  0.153E+00
-17.891  0.153E+00
-17.881  0.153E+00
-17.871  0.152E+00
-17.861  0.152E+00
-17.851  0.150E+00
-17.841  0.149E+00
-17.831  0.149E+00
-17.821  0.148E+00
-17.811  0.148E+00
-17.801  0.148E+00
-17.791  0.147E+00
-17.781  0.147E+00
-17.771  0.147E+00
-17.761  0.146E+00
-17.751  0.145E+00
-17.741  0.145E+00
-17.731  0.145E+00
-17.721  0.143E+00
-17.711  0.142E+00
-17.701  0.141E+00
-17.691  0.142E+00
-17.681  0.141E+00
-17.671  0.141E+00
-17.661  0.140E+00
-17.651  0.139E+00
-17.641  0.139E+00
-17.631  0.139E+00
-17.621  0.139E+00
-17.611  0.138E+00
-17.601  0.138E+00
-17.591  0.135E+00
-17.581  0.135E+00
-17.571  0.135E+00
-17.561  0.134E+00
-17.551  0.134E+00
-17.541  0.133E+00
-17.531  0.133E+00
-17.521  0.133E+00
-17.511  0.132E+00
-17.501  0.132E+00
-17.491  0.132E+00
-17.481  0.131E+00
-17.471  0.131E+00
-17.461  0.130E+00
-17.451  0.129E+00
-17.441  0.128E+00
-17.431  0.128E+00
-17.421  0.128E+00
-17.411  0.127E+00
-17.401  0.127E+00
-17.391  0.127E+00
-17.381  0.126E+00
-17.371  0.126E+00
-17.361  0.125E+00
-17.351  0.125E+00
-17.341  0.125E+00
-17.331  0.124E+00
-17.321  0.123E+00
-17.311  0.123E+00
-17.301  0.122E+00
-17.291  0.122E+00
-17.281  0.122E+00
-17.271  0.121E+00
-17.261  0.121E+00
-17.251  0.120E+00
-17.241  0.120E+00
-17.231  0.120E+00
-17.221  0.119E+00
-17.211  0.119E+00
-17.201  0.119E+00
-17.191  0.118E+00
-17.181  0.117E+00
-17.171  0.117E+00
-17.161  0.117E+00
-17.151  0.116E+00
-17.141  0.116E+00
-17.131  0.116E+00
-17.121  0.115E+00
-17.111  0.115E+00
-17.101  0.115E+00
-17.091  0.114E+00
-17.081  0.114E+00
-17.071  0.113E+00
-17.061  0.113E+00
-17.051  0.113E+00
-17.041  0.112E+00
-17.031  0.111E+00
-17.021  0.111E+00
-17.011  0.111E+00
-17.001  0.110E+00
-16.991  0.110E+00
-16.981  0.110E+00
-16.971  0.109E+00
-16.961  0.109E+00
-16.951  0.109E+00
-16.941  0.108E+00
-16.931  0.108E+00
-16.921  0.108E+00
-16.911  0.107E+00
-16.901  0.106E+00
-16.891  0.106E+00
-16.881  0.106E+00
-16.871  0.106E+00
-16.861  0.105E+00
-16.851  0.105E+00
-16.841  0.105E+00
-16.831  0.104E+00
-16.821  0.104E+00
-16.811  0.104E+00
-16.801  0.103E+00
-16.791  0.103E+00
-16.781  0.103E+00
-16.771  0.102E+00
-16.761  0.102E+00
-16.751  0.101E+00
-16.741  0.101E+00
-16.731  0.101E+00
-16.721  0.100E+00
-16.711  0.100E+00
-16.701  0.998E-01
-16.691  0.995E-01
-16.681  0.992E-01
-16.671  0.989E-01
-16.661  0.985E-01
-16.651  0.982E-01
-16.641  0.979E-01
-16.631  0.976E-01
-16.621  0.971E-01
-16.611  0.968E-01
-16.601  0.964E-01
-16.591  0.961E-01
-16.581  0.958E-01
-16.571  0.955E-01
-16.561  0.952E-01
-16.551  0.949E-01
-16.541  0.946E-01
-16.531  0.943E-01
-16.521  0.940E-01
-16.511  0.937E-01
-16.501  0.934E-01
-16.491  0.930E-01
-16.481  0.927E-01
-16.471  0.924E-01
-16.461  0.920E-01
-16.451  0.918E-01
-16.441  0.914E-01
-16.431  0.911E-01
-16.421  0.908E-01
-16.411  0.905E-01
-16.401  0.902E-01
-16.391  0.899E-01
-16.381  0.896E-01
-16.371  0.893E-01
-16.361  0.890E-01
-16.351  0.887E-01
-16.341  0.885E-01
-16.331  0.882E-01
-16.321  0.878E-01
-16.311  0.876E-01
-16.301  0.872E-01
-16.291  0.870E-01
-16.281  0.866E-01
-16.271  0.864E-01
-16.261  0.860E-01
-16.251  0.858E-01
-16.241  0.854E-01
-16.231  0.852E-01
-16.221  0.848E-01
-16.211  0.845E-01
-16.201  0.844E-01
-16.191  0.841E-01
-16.181  0.838E-01
-16.171  0.835E-01
-16.161  0.832E-01
-16.151  0.829E-01
-16.141  0.826E-01
-16.131  0.823E-01
-16.121  0.820E-01
-16.111  0.817E-01
-16.101  0.814E-01
-16.091  0.811E-01
-16.081  0.808E-01
-16.071  0.805E-01
-16.061  0.806E-01
-16.051  0.802E-01
-16.041  0.800E-01
-16.031  0.796E-01
-16.021  0.794E-01
-16.011  0.790E-01
-16.001  0.788E-01
-15.991  0.784E-01
-15.981  0.782E-01
-15.971  0.778E-01
-15.961  0.776E-01
-15.951  0.772E-01
-15.941  0.770E-01
-15.931  0.766E-01
-15.921  0.768E-01
-15.911  0.765E-01
-15.901  0.762E-01
-15.891  0.759E-01
-15.881  0.756E-01
-15.871  0.753E-01
-15.861  0.750E-01
-15.851  0.747E-01
-15.841  0.744E-01
-15.831  0.741E-01
-15.821  0.738E-01
-15.811  0.735E-01
-15.801  0.732E-01
-15.791  0.735E-01
-15.781  0.732E-01
-15.771  0.729E-01
-15.761  0.726E-01
-15.751  0.723E-01
-15.741  0.720E-01
-15.731  0.716E-01
-15.721  0.714E-01
-15.711  0.710E-01
-15.701  0.708E-01
-15.691  0.704E-01
-15.681  0.702E-01
-15.671  0.698E-01
-15.661  0.696E-01
-15.651  0.700E-01
-15.641  0.696E-01
-15.631  0.694E-01
-15.621  0.690E-01
-15.611  0.688E-01
-15.601  0.684E-01
-15.591  0.681E-01
-15.581  0.678E-01
-15.571  0.675E-01
-15.561  0.672E-01
-15.551  0.669E-01
-15.541  0.666E-01
-15.531  0.663E-01
-15.521  0.660E-01
-15.511  0.665E-01
-15.501  0.662E-01
-15.491  0.658E-01
-15.481  0.656E-01
-15.471  0.652E-01
-15.461  0.650E-01
-15.451  0.646E-01
-15.441  0.644E-01
-15.431  0.640E-01
-15.421  0.637E-01
-15.411  0.634E-01
-15.401  0.631E-01
-15.391  0.628E-01
-15.381  0.634E-01
-15.371  0.630E-01
-15.361  0.628E-01
-15.351  0.624E-01
-15.341  0.622E-01
-15.331  0.618E-01
-15.321  0.615E-01
-15.311  0.612E-01
-15.301  0.608E-01
-15.291  0.606E-01
-15.281  0.602E-01
-15.271  0.600E-01
-15.261  0.596E-01
-15.251  0.604E-01
-15.241  0.600E-01
-15.231  0.596E-01
-15.221  0.594E-01
-15.211  0.590E-01
-15.201  0.587E-01
-15.191  0.584E-01
-15.181  0.580E-01
-15.171  0.578E-01
-15.161  0.574E-01
-15.151  0.571E-01
-15.141  0.568E-01
-15.131  0.564E-01
-15.121  0.562E-01
-15.111  0.570E-01
-15.101  0.566E-01
-15.091  0.562E-01
-15.081  0.560E-01
-15.071  0.556E-01
-15.061  0.552E-01
-15.051  0.550E-01
-15.041  0.546E-01
-15.031  0.543E-01
-15.021  0.540E-01
-15.011  0.536E-01
-15.001  0.533E-01
-14.991  0.542E-01
-14.981  0.538E-01
-14.971  0.536E-01
-14.961  0.532E-01
-14.951  0.528E-01
-14.941  0.525E-01
-14.931  0.522E-01
-14.921  0.518E-01
-14.911  0.515E-01
-14.901  0.512E-01
-14.891  0.508E-01
-14.881  0.504E-01
-14.871  0.502E-01
-14.861  0.512E-01
-14.851  0.508E-01
-14.841  0.504E-01
-14.831  0.500E-01
-14.821  0.498E-01
-14.811  0.494E-01
-14.801  0.490E-01
-14.791  0.486E-01
-14.781  0.483E-01
-14.771  0.480E-01
-14.761  0.476E-01
-14.751  0.472E-01
-14.741  0.484E-01
-14.731  0.480E-01
-14.721  0.476E-01
-14.711  0.472E-01
-14.701  0.468E-01
-14.691  0.465E-01
-14.681  0.462E-01
-14.671  0.458E-01
-14.661  0.454E-01
-14.651  0.450E-01
-14.641  0.446E-01
-14.631  0.444E-01
-14.621  0.454E-01
-14.611  0.450E-01
-14.601  0.446E-01
-14.591  0.443E-01
-14.581  0.440E-01
-14.571  0.436E-01
-14.561  0.432E-01
-14.551  0.428E-01
-14.541  0.424E-01
-14.531  0.420E-01
-14.521  0.416E-01
-14.511  0.428E-01
-14.501  0.424E-01
-14.491  0.420E-01
-14.481  0.416E-01
-14.471  0.412E-01
-14.461  0.408E-01
-14.451  0.404E-01
-14.441  0.400E-01
-14.431  0.396E-01
-14.421  0.392E-01
-14.411  0.388E-01
-14.401  0.402E-01
-14.391  0.398E-01
-14.381  0.394E-01
-14.371  0.389E-01
-14.361  0.384E-01
-14.351  0.380E-01
-14.341  0.376E-01
-14.331  0.372E-01
-14.321  0.368E-01
-14.311  0.364E-01
-14.301  0.360E-01
-14.291  0.372E-01
-14.281  0.368E-01
-14.271  0.364E-01
-14.261  0.360E-01
-14.251  0.355E-01
-14.241  0.350E-01
-14.231  0.346E-01
-14.221  0.342E-01
-14.211  0.338E-01
-14.201  0.332E-01
-14.191  0.346E-01
-14.181  0.342E-01
-14.171  0.338E-01
-14.161  0.332E-01
-14.151  0.328E-01
-14.141  0.322E-01
-14.131  0.318E-01
-14.121  0.314E-01
-14.111  0.308E-01
-14.101  0.323E-01
-14.091  0.318E-01
-14.081  0.312E-01
-14.071  0.308E-01
-14.061  0.302E-01
-14.051  0.298E-01
-14.041  0.292E-01
-14.031  0.288E-01
-14.021  0.282E-01
-14.011  0.296E-01
-14.001  0.292E-01
-13.991  0.286E-01
-13.981  0.280E-01
-13.971  0.274E-01
-13.961  0.270E-01
-13.951  0.264E-01
-13.941  0.258E-01
-13.931  0.274E-01
-13.921  0.268E-01
-13.911  0.262E-01
-13.901  0.256E-01
-13.891  0.250E-01
-13.881  0.244E-01
-13.871  0.238E-01
-13.861  0.231E-01
-13.851  0.246E-01
-13.841  0.240E-01
-13.831  0.232E-01
-13.821  0.226E-01
-13.811  0.220E-01
-13.801  0.212E-01
-13.791  0.206E-01
-13.781  0.222E-01
-13.771  0.214E-01
-13.761  0.206E-01
-13.751  0.199E-01
-13.741  0.191E-01
-13.731  0.184E-01
-13.721  0.176E-01
-13.711  0.190E-01
-13.701  0.182E-01
-13.691  0.173E-01
-13.681  0.165E-01
-13.671  0.156E-01
-13.661  0.170E-01
-13.651  0.160E-01
-13.641  0.150E-01
-13.631  0.141E-01
-13.621  0.131E-01
-13.611  0.143E-01
-13.601  0.132E-01
-13.591  0.120E-01
-13.581  0.108E-01
-13.571  0.119E-01
-13.561  0.104E-01
-13.551  0.890E-02
-13.541  0.984E-02
-13.531  0.786E-02
-13.521  0.588E-02
-13.511  0.582E-02
-13.501  0.286E-02
-13.491  0.000E+00
-13.481  0.000E+00
-13.471  0.000E+00
-13.461  0.000E+00
-13.451  0.000E+00
-13.441  0.000E+00
-13.431  0.000E+00
-13.421  0.000E+00
-13.411  0.000E+00
-13.401  0.000E+00
-13.391  0.000E+00
-13.381  0.000E+00
-13.371  0.000E+00
-13.361  0.000E+00
-13.351  0.000E+00
-13.341  0.000E+00
-13.331  0.000E+00
-13.321  0.000E+00
-13.311  0.000E+00
-13.301  0.000E+00
-13.291  0.000E+00
-13.281  0.000E+00
-13.271  0.000E+00
-13.261  0.000E+00
-13.251  0.000E+00
-13.241  0.000E+00
-13.231  0.000E+00
-13.221  0.000E+00
-13.211  0.000E+00
-13.201  0.000E+00
-13.191  0.000E+00
-13.181  0.000E+00
-13.171  0.000E+00
-13.161  0.000E+00
-13.151  0.000E+00
-13.141  0.000E+00
-13.131  0.000E+00
-13.121  0.000E+00
-13.111  0.000E+00
-13.101  0.000E+00
-13.091  0.000E+00
-13.081  0.000E+00
-13.071  0.000E+00
-13.061  0.000E+00
-13.051  0.000E+00
-13.041  0.000E+00
-13.031  0.000E+00
-13.021  0.000E+00
-13.011  0.000E+00
-13.001  0.000E+00
-12.991  0.000E+00
-12.981  0.000E+00
-12.971  0.000E+00
-12.961  0.000E+00
-12.951  0.000E+00
-12.941  0.000E+00
-12.931  0.000E+00
-12.921  0.000E+00
-12.911  0.000E+00
-12.901  0.000E+00
-12.891  0.000E+00
-12.881  0.000E+00
-12.871  0.000E+00
-12.861  0.000E+00
-12.851  0.000E+00
-12.841  0.000E+00
-12.831  0.000E+00
-12.821  0.000E+00
-12.811  0.000E+00
-12.801  0.000E+00
-12.791  0.000E+00
-12.781  0.000E+00
-12.771  0.000E+00
-12.761  0.000E+00
-12.751  0.000E+00
-12.741  0.000E+00
-12.731  0.000E+00
-12.721  0.000E+00
-12.711  0.000E+00
-12.701  0.000E+00
-12.691  0.000E+00
-12.681  0.000E+00
-12.671  0.000E+00
-12.661  0.000E+00
-12.651  0.000E+00
-12.641  0.000E+00
-12.631  0.000E+00
-12.621  0.000E+00
-12.611  0.000E+00
-12.601  0.000E+00
-12.591  0.000E+00
-12.581  0.000E+00
-12.571  0.000E+00
-12.561  0.000E+00
-12.551  0.000E+00
-12.541  0.000E+00
-12.531  0.000E+00
-12.521  0.000E+00
-12.511  0.000E+00
-12.501  0.000E+00
-12.491  0.000E+00
-12.481  0.000E+00
-12.471  0.000E+00
-12.461  0.000E+00
-12.451  0.000E+00
-12.441  0.000E+00
-12.431  0.000E+00
-12.421  0.000E+00
-12.411  0.000E+00
-12.401  0.000E+00
-12.391  0.000E+00
-12.381  0.000E+00
-12.371  0.000E+00
-12.361  0.000E+00
-12.351  0.000E+00
-12.341  0.000E+00
-12.331  0.000E+00
-12.321  0.000E+00
-12.311  0.000E+00
-12.301  0.000E+00
-12.291  0.000E+00
-12.281  0.000E+00
-12.271  0.000E+00
-12.261  0.000E+00
-12.251  0.000E+00
-12.241  0.000E+00
-12.231  0.000E+00
-12.221  0.000E+00
-12.211  0.000E+00
-12.201  0.000E+00
-12.191  0.000E+00
-12.181  0.000E+00
-12.171  0.000E+00
-12.161  0.000E+00
-12.151  0.000E+00
-12.141  0.000E+00
-12.131  0.000E+00
-12.121  0.000E+00
-12.111  0.000E+00
-12.101  0.000E+00
-12.091  0.000E+00
-12.081  0.000E+00
-12.071  0.000E+00
-12.061  0.000E+00
-12.051  0.000E+00
-12.041  0.000E+00
-12.031  0.000E+00
-12.021  0.000E+00
-12.011  0.000E+00
-12.001  0.000E+00
-11.991  0.000E+00
-11.981  0.000E+00
-11.971  0.000E+00
-11.961  0.000E+00
-11.951  0.000E+00
-11.941  0.000E+00
-11.931  0.000E+00
-11.921  0.000E+00
-11.911  0.000E+00
-11.901  0.000E+00
-11.891  0.000E+00
-11.881  0.000E+00
-11.871  0.000E+00
-11.861  0.000E+00
-11.851  0.000E+00
-11.841  0.000E+00
-11.831  0.000E+00
-11.821  0.000E+00
-11.811  0.000E+00
-11.801  0.000E+00
-11.791  0.000E+00
-11.781  0.000E+00
-11.771  0.000E+00
-11.761  0.000E+00
-11.751  0.000E+00
-11.741  0.000E+00
-11.731  0.000E+00
-11.721  0.000E+00
-11.711  0.000E+00
-11.701  0.000E+00
-11.691  0.000E+00
-11.681  0.000E+00
-11.671  0.000E+00
-11.661  0.000E+00
-11.651  0.000E+00
-11.641  0.000E+00
-11.631  0.000E+00
-11.621  0.000E+00
-11.611  0.000E+00
-11.601  0.000E+00
-11.591  0.000E+00
-11.581  0.000E+00
-11.571  0.000E+00
-11.561  0.000E+00
-11.551  0.000E+00
-11.541  0.000E+00
-11.531  0.000E+00
-11.521  0.000E+00
-11.511  0.000E+00
-11.501  0.000E+00
-11.491  0.000E+00
-11.481  0.000E+00
-11.471  0.000E+00
-11.461  0.000E+00
-11.451  0.000E+00
-11.441  0.000E+00
-11.431  0.000E+00
-11.421  0.000E+00
-11.411  0.000E+00
-11.401  0.000E+00
-11.391  0.000E+00
-11.381  0.000E+00
-11.371  0.000E+00
-11.361  0.000E+00
-11.351  0.000E+00
-11.341  0.000E+00
-11.331  0.000E+00
-11.321  0.000E+00
-11.311  0.000E+00
-11.301  0.000E+00
-11.291  0.000E+00
-11.281  0.000E+00
-11.271  0.000E+00
-11.261  0.000E+00
-11.251  0.000E+00
-11.241  0.000E+00
-11.231  0.000E+00
-11.221  0.000E+00
-11.211  0.000E+00
-11.201  0.000E+00
-11.191  0.000E+00
-11.181  0.000E+00
-11.171  0.000E+00
-11.161  0.000E+00
-11.151  0.000E+00
-11.141  0.000E+00
-11.131  0.000E+00
-11.121  0.000E+00
-11.111  0.000E+00
-11.101  0.000E+00
-11.091  0.000E+00
-11.081  0.000E+00
-11.071  0.000E+00
-11.061  0.000E+00
-11.051  0.000E+00
-11.041  0.000E+00
-11.031  0.000E+00
-11.021  0.000E+00
-11.011  0.000E+00
-11.001  0.000E+00
-10.991  0.000E+00
-10.981  0.000E+00
-10.971  0.000E+00
-10.961  0.000E+00
-10.951  0.000E+00
-10.941  0.000E+00
-10.931  0.000E+00
-10.921  0.000E+00
-10.911  0.000E+00
-10.901  0.000E+00
-10.891  0.000E+00
-10.881  0.000E+00
-10.871  0.000E+00
-10.861  0.000E+00
-10.851  0.000E+00
-10.841  0.000E+00
-10.831  0.000E+00
-10.821  0.000E+00
-10.811  0.000E+00
-10.801  0.000E+00
-10.791  0.000E+00
-10.781  0.000E+00
-10.771  0.000E+00
-10.761  0.000E+00
-10.751  0.000E+00
-10.741  0.000E+00
-10.731  0.000E+00
-10.721  0.000E+00
-10.711  0.000E+00
-10.701  0.000E+00
-10.691  0.000E+00
-10.681  0.000E+00
-10.671  0.000E+00
-10.661  0.000E+00
-10.651  0.000E+00
-10.641  0.000E+00
-10.631  0.000E+00
-10.621  0.000E+00
-10.611  0.000E+00
-10.601  0.000E+00
-10.591  0.000E+00
-10.581  0.000E+00
-10.571  0.000E+00
-10.561  0.000E+00
-10.551  0.000E+00
-10.541  0.000E+00
-10.531  0.000E+00
-10.521  0.000E+00
-10.511  0.000E+00
-10.501  0.000E+00
-10.491  0.000E+00
-10.481  0.000E+00
-10.471  0.000E+00
-10.461  0.000E+00
-10.451  0.000E+00
-10.441  0.000E+00
-10.431  0.000E+00
-10.421  0.000E+00
-10.411  0.000E+00
-10.401  0.000E+00
-10.391  0.000E+00
-10.381  0.000E+00
-10.371  0.000E+00
-10.361  0.000E+00
-10.351  0.000E+00
-10.341  0.000E+00
-10.331  0.000E+00
-10.321  0.000E+00
-10.311  0.000E+00
-10.301  0.000E+00
-10.291  0.000E+00
-10.281  0.000E+00
-10.271  0.000E+00
-10.261  0.000E+00
-10.251  0.000E+00
-10.241  0.000E+00
-10.231  0.000E+00
-10.221  0.000E+00
-10.211  0.000E+00
-10.201  0.000E+00
-10.191  0.000E+00
-10.181  0.000E+00
-10.171  0.000E+00
-10.161  0.000E+00
-10.151  0.000E+00
-10.141  0.000E+00
-10.131  0.000E+00
-10.121  0.000E+00
-10.111  0.000E+00
-10.101  0.000E+00
-10.091  0.000E+00
-10.081  0.000E+00
-10.071  0.000E+00
-10.061  0.000E+00
-10.051  0.000E+00
-10.041  0.000E+00
-10.031  0.000E+00
-10.021  0.000E+00
-10.011  0.000E+00
-10.001  0.000E+00
 -9.991  0.000E+00
 -9.981  0.000E+00
 -9.971  0.000E+00
 -9.961  0.000E+00
 -9.951  0.000E+00
 -9.941  0.000E+00
 -9.931  0.000E+00
 -9.921  0.000E+00
 -9.911  0.000E+00
 -9.901  0.000E+00
 -9.891  0.000E+00
 -9.881  0.000E+00
 -9.871  0.000E+00
 -9.861  0.000E+00
 -9.851  0.000E+00
 -9.841  0.000E+00
 -9.831  0.000E+00
 -9.821  0.000E+00
 -9.811  0.000E+00
 -9.801  0.000E+00
 -9.791  0.000E+00
 -9.781  0.000E+00
 -9.771  0.000E+00
 -9.761  0.000E+00
 -9.751  0.000E+00
 -9.741  0.126E-11
 -9.731  0.424E-12
 -9.721  0.244E-12
 -9.711  0.456E-12
 -9.701  0.397E-12
 -9.691  0.235E-12
 -9.681  0.745E-13
 -9.671  0.269E-13
 -9.661  0.360E-13
 -9.651  0.453E-13
 -9.641  0.464E-13
 -9.631  0.563E-13
 -9.621  0.662E-13
 -9.611  0.761E-13
 -9.601  0.793E-13
 -9.591  0.100E-12
 -9.581  0.121E-12
 -9.571  0.142E-12
 -9.561  0.163E-12
 -9.551  0.152E-12
 -9.541  0.160E-12
 -9.531  0.167E-12
 -9.521  0.176E-12
 -9.511  0.183E-12
 -9.501  0.161E-12
 -9.491  0.152E-12
 -9.481  0.143E-12
 -9.471  0.134E-12
 -9.461  0.125E-12
 -9.451  0.116E-12
 -9.441  0.110E-12
 -9.431  0.122E-12
 -9.421  0.135E-12
 -9.411  0.147E-12
 -9.401  0.160E-12
 -9.391  0.173E-12
 -9.381  0.167E-12
 -9.371  0.158E-12
 -9.361  0.148E-12
 -9.351  0.139E-12
 -9.341  0.129E-12
 -9.331  0.120E-12
 -9.321  0.111E-12
 -9.311  0.101E-12
 -9.301  0.156E-12
 -9.291  0.232E-12
 -9.281  0.309E-12
 -9.271  0.385E-12
 -9.261  0.462E-12
 -9.251  0.537E-12
 -9.241  0.614E-12
 -9.231  0.691E-12
 -9.221  0.661E-12
 -9.211  0.680E-12
 -9.201  0.700E-12
 -9.191  0.721E-12
 -9.181  0.740E-12
 -9.171  0.761E-12
 -9.161  0.781E-12
 -9.151  0.802E-12
 -9.141  0.749E-12
 -9.131  0.732E-12
 -9.121  0.715E-12
 -9.111  0.698E-12
 -9.101  0.681E-12
 -9.091  0.664E-12
 -9.081  0.648E-12
 -9.071  0.631E-12
 -9.061  0.614E-12
 -9.051  0.555E-12
 -9.041  0.530E-12
 -9.031  0.504E-12
 -9.021  0.480E-12
 -9.011  0.454E-12
 -9.001  0.429E-12
 -8.991  0.403E-12
 -8.981  0.379E-12
 -8.971  0.353E-12
 -8.961  0.327E-12
 -8.951  0.285E-12
 -8.941  0.266E-12
 -8.931  0.246E-12
 -8.921  0.227E-12
 -8.911  0.207E-12
 -8.901  0.187E-12
 -8.891  0.168E-12
 -8.881  0.149E-12
 -8.871  0.129E-12
 -8.861  0.110E-12
 -8.851  0.907E-13
 -8.841  0.105E-12
 -8.831  0.131E-12
 -8.821  0.157E-12
 -8.811  0.183E-12
 -8.801  0.208E-12
 -8.791  0.234E-12
 -8.781  0.260E-12
 -8.771  0.285E-12
 -8.761  0.312E-12
 -8.751  0.337E-12
 -8.741  0.362E-12
 -8.731  0.344E-12
 -8.721  0.336E-12
 -8.711  0.328E-12
 -8.701  0.319E-12
 -8.691  0.311E-12
 -8.681  0.303E-12
 -8.671  0.295E-12
 -8.661  0.287E-12
 -8.651  0.278E-12
 -8.641  0.270E-12
 -8.631  0.262E-12
 -8.621  0.254E-12
 -8.611  0.222E-12
 -8.601  0.203E-12
 -8.591  0.184E-12
 -8.581  0.165E-12
 -8.571  0.145E-12
 -8.561  0.127E-12
 -8.551  0.108E-12
 -8.541  0.883E-13
 -8.531  0.692E-13
 -8.521  0.499E-13
 -8.511  0.308E-13
 -8.501  0.116E-13
 -8.491  0.187E-14
 -8.481  0.277E-14
 -8.471  0.368E-14
 -8.461  0.458E-14
 -8.451  0.548E-14
 -8.441  0.639E-14
 -8.431  0.729E-14
 -8.421  0.819E-14
 -8.411  0.910E-14
 -8.401  0.100E-13
 -8.391  0.109E-13
 -8.381  0.118E-13
 -8.371  0.127E-13
 -8.361  0.130E-13
 -8.351  0.139E-13
 -8.341  0.148E-13
 -8.331  0.157E-13
 -8.321  0.166E-13
 -8.311  0.175E-13
 -8.301  0.184E-13
 -8.291  0.193E-13
 -8.281  0.202E-13
 -8.271  0.211E-13
 -8.261  0.220E-13
 -8.251  0.229E-13
 -8.241  0.238E-13
 -8.231  0.247E-13
 -8.221  0.296E-13
 -8.211  0.384E-13
 -8.201  0.472E-13
 -8.191  0.561E-13
 -8.181  0.649E-13
 -8.171  0.738E-13
 -8.161  0.826E-13
 -8.151  0.915E-13
 -8.141  0.100E-12
 -8.131  0.109E-12
 -8.121  0.118E-12
 -8.111  0.127E-12
 -8.101  0.136E-12
 -8.091  0.145E-12
 -8.081  0.143E-12
 -8.071  0.136E-12
 -8.061  0.128E-12
 -8.051  0.121E-12
 -8.041  0.114E-12
 -8.031  0.107E-12
 -8.021  0.995E-13
 -8.011  0.922E-13
 -8.001  0.850E-13
 -7.991  0.778E-13
 -7.981  0.706E-13
 -7.971  0.633E-13
 -7.961  0.562E-13
 -7.951  0.489E-13
 -7.941  0.416E-13
 -7.931  0.344E-13
 -7.921  0.331E-13
 -7.911  0.319E-13
 -7.901  0.307E-13
 -7.891  0.295E-13
 -7.881  0.281E-13
 -7.871  0.269E-13
 -7.861  0.257E-13
 -7.851  0.244E-13
 -7.841  0.231E-13
 -7.831  0.219E-13
 -7.821  0.207E-13
 -7.811  0.194E-13
 -7.801  0.181E-13
 -7.791  0.169E-13
 -7.781  0.157E-13
 -7.771  0.147E-13
 -7.761  0.148E-13
 -7.751  0.150E-13
 -7.741  0.152E-13
 -7.731  0.154E-13
 -7.721  0.156E-13
 -7.711  0.157E-13
 -7.701  0.159E-13
 -7.691  0.161E-13
 -7.681  0.163E-13
 -7.671  0.165E-13
 -7.661  0.166E-13
 -7.651  0.168E-13
 -7.641  0.170E-13
 -7.631  0.172E-13
 -7.621  0.173E-13
 -7.611  0.170E-13
 -7.601  0.173E-13
 -7.591  0.177E-13
 -7.581  0.180E-13
 -7.571  0.183E-13
 -7.561  0.187E-13
 -7.551  0.191E-13
 -7.541  0.194E-13
 -7.531  0.198E-13
 -7.521  0.202E-13
 -7.511  0.205E-13
 -7.501  0.208E-13
 -7.491  0.211E-13
 -7.481  0.215E-13
 -7.471  0.219E-13
 -7.461  0.222E-13
 -7.451  0.226E-13
 -7.441  0.225E-13
 -7.431  0.237E-13
 -7.421  0.249E-13
 -7.411  0.261E-13
 -7.401  0.274E-13
 -7.391  0.287E-13
 -7.381  0.300E-13
 -7.371  0.312E-13
 -7.361  0.325E-13
 -7.351  0.337E-13
 -7.341  0.350E-13
 -7.331  0.362E-13
 -7.321  0.374E-13
 -7.311  0.387E-13
 -7.301  0.400E-13
 -7.291  0.412E-13
 -7.281  0.425E-13
 -7.271  0.438E-13
 -7.261  0.410E-13
 -7.251  0.390E-13
 -7.241  0.370E-13
 -7.231  0.351E-13
 -7.221  0.331E-13
 -7.211  0.311E-13
 -7.201  0.292E-13
 -7.191  0.272E-13
 -7.181  0.252E-13
 -7.171  0.233E-13
 -7.161  0.213E-13
 -7.151  0.194E-13
 -7.141  0.174E-13
 -7.131  0.154E-13
 -7.121  0.135E-13
 -7.111  0.115E-13
 -7.101  0.954E-14
 -7.091  0.757E-14
 -7.081  0.778E-14
 -7.071  0.987E-14
 -7.061  0.120E-13
 -7.051  0.141E-13
 -7.041  0.162E-13
 -7.031  0.183E-13
 -7.021  0.203E-13
 -7.011  0.225E-13
 -7.001  0.246E-13
 -6.991  0.266E-13
 -6.981  0.288E-13
 -6.971  0.308E-13
 -6.961  0.329E-13
 -6.951  0.351E-13
 -6.941  0.371E-13
 -6.931  0.392E-13
 -6.921  0.414E-13
 -6.911  0.434E-13
 -6.901  0.455E-13
 -6.891  0.591E-13
 -6.881  0.781E-13
 -6.871  0.971E-13
 -6.861  0.116E-12
 -6.851  0.135E-12
 -6.841  0.154E-12
 -6.831  0.173E-12
 -6.821  0.192E-12
 -6.811  0.211E-12
 -6.801  0.230E-12
 -6.791  0.250E-12
 -6.781  0.268E-12
 -6.771  0.287E-12
 -6.761  0.306E-12
 -6.751  0.325E-12
 -6.741  0.344E-12
 -6.731  0.363E-12
 -6.721  0.383E-12
 -6.711  0.401E-12
 -6.701  0.400E-12
 -6.691  0.396E-12
 -6.681  0.394E-12
 -6.671  0.390E-12
 -6.661  0.386E-12
 -6.651  0.384E-12
 -6.641  0.380E-12
 -6.631  0.376E-12
 -6.621  0.374E-12
 -6.611  0.370E-12
 -6.601  0.366E-12
 -6.591  0.363E-12
 -6.581  0.360E-12
 -6.571  0.356E-12
 -6.561  0.352E-12
 -6.551  0.350E-12
 -6.541  0.346E-12
 -6.531  0.342E-12
 -6.521  0.339E-12
 -6.511  0.336E-12
 -6.501  0.322E-12
 -6.491  0.314E-12
 -6.481  0.307E-12
 -6.471  0.301E-12
 -6.461  0.294E-12
 -6.451  0.286E-12
 -6.441  0.279E-12
 -6.431  0.273E-12
 -6.421  0.266E-12
 -6.411  0.259E-12
 -6.401  0.251E-12
 -6.391  0.244E-12
 -6.381  0.238E-12
 -6.371  0.231E-12
 -6.361  0.223E-12
 -6.351  0.216E-12
 -6.341  0.210E-12
 -6.331  0.203E-12
 -6.321  0.196E-12
 -6.311  0.188E-12
 -6.301  0.181E-12
 -6.291  0.173E-12
 -6.281  0.172E-12
 -6.271  0.172E-12
 -6.261  0.171E-12
 -6.251  0.171E-12
 -6.241  0.170E-12
 -6.231  0.169E-12
 -6.221  0.169E-12
 -6.211  0.168E-12
 -6.201  0.168E-12
 -6.191  0.166E-12
 -6.181  0.166E-12
 -6.171  0.166E-12
 -6.161  0.165E-12
 -6.151  0.165E-12
 -6.141  0.164E-12
 -6.131  0.163E-12
 -6.121  0.163E-12
 -6.111  0.162E-12
 -6.101  0.162E-12
 -6.091  0.161E-12
 -6.081  0.155E-12
 -6.071  0.151E-12
 -6.061  0.147E-12
 -6.051  0.143E-12
 -6.041  0.139E-12
 -6.031  0.135E-12
 -6.021  0.131E-12
 -6.011  0.127E-12
 -6.001  0.123E-12
 -5.991  0.119E-12
 -5.981  0.115E-12
 -5.971  0.111E-12
 -5.961  0.107E-12
 -5.951  0.103E-12
 -5.941  0.992E-13
 -5.931  0.953E-13
 -5.921  0.912E-13
 -5.911  0.873E-13
 -5.901  0.833E-13
 -5.891  0.793E-13
 -5.881  0.753E-13
 -5.871  0.714E-13
 -5.861  0.679E-13
 -5.851  0.703E-13
 -5.841  0.728E-13
 -5.831  0.753E-13
 -5.821  0.777E-13
 -5.811  0.802E-13
 -5.801  0.826E-13
 -5.791  0.852E-13
 -5.781  0.876E-13
 -5.771  0.900E-13
 -5.761  0.926E-13
 -5.751  0.950E-13
 -5.741  0.975E-13
 -5.731  0.100E-12
 -5.721  0.102E-12
 -5.711  0.105E-12
 -5.701  0.107E-12
 -5.691  0.110E-12
 -5.681  0.112E-12
 -5.671  0.115E-12
 -5.661  0.117E-12
 -5.651  0.120E-12
 -5.641  0.122E-12
 -5.631  0.117E-12
 -5.621  0.114E-12
 -5.611  0.110E-12
 -5.601  0.107E-12
 -5.591  0.104E-12
 -5.581  0.101E-12
 -5.571  0.977E-13
 -5.561  0.945E-13
 -5.551  0.913E-13
 -5.541  0.882E-13
 -5.531  0.850E-13
 -5.521  0.818E-13
 -5.511  0.786E-13
 -5.501  0.754E-13
 -5.491  0.722E-13
 -5.481  0.691E-13
 -5.471  0.660E-13
 -5.461  0.628E-13
 -5.451  0.596E-13
 -5.441  0.564E-13
 -5.431  0.532E-13
 -5.421  0.500E-13
 -5.411  0.469E-13
 -5.401  0.448E-13
 -5.391  0.447E-13
 -5.381  0.446E-13
 -5.371  0.445E-13
 -5.361  0.445E-13
 -5.351  0.443E-13
 -5.341  0.443E-13
 -5.331  0.442E-13
 -5.321  0.441E-13
 -5.311  0.440E-13
 -5.301  0.439E-13
 -5.291  0.439E-13
 -5.281  0.437E-13
 -5.271  0.437E-13
 -5.261  0.435E-13
 -5.251  0.435E-13
 -5.241  0.433E-13
 -5.231  0.433E-13
 -5.221  0.432E-13
 -5.211  0.431E-13
 -5.201  0.431E-13
 -5.191  0.429E-13
 -5.181  0.429E-13
 -5.171  0.417E-13
 -5.161  0.400E-13
 -5.151  0.384E-13
 -5.141  0.368E-13
 -5.131  0.352E-13
 -5.121  0.335E-13
 -5.111  0.320E-13
 -5.101  0.303E-13
 -5.091  0.287E-13
 -5.081  0.271E-13
 -5.071  0.255E-13
 -5.061  0.239E-13
 -5.051  0.223E-13
 -5.041  0.206E-13
 -5.031  0.191E-13
 -5.021  0.174E-13
 -5.011  0.158E-13
 -5.001  0.142E-13
 -4.991  0.126E-13
 -4.981  0.110E-13
 -4.971  0.934E-14
 -4.961  0.773E-14
 -4.951  0.611E-14
 -4.941  0.450E-14
 -4.931  0.288E-14
 -4.921  0.343E-14
 -4.911  0.489E-14
 -4.901  0.637E-14
 -4.891  0.783E-14
 -4.881  0.930E-14
 -4.871  0.108E-13
 -4.861  0.122E-13
 -4.851  0.137E-13
 -4.841  0.152E-13
 -4.831  0.166E-13
 -4.821  0.181E-13
 -4.811  0.196E-13
 -4.801  0.210E-13
 -4.791  0.225E-13
 -4.781  0.240E-13
 -4.771  0.254E-13
 -4.761  0.269E-13
 -4.751  0.284E-13
 -4.741  0.298E-13
 -4.731  0.313E-13
 -4.721  0.328E-13
 -4.711  0.342E-13
 -4.701  0.357E-13
 -4.691  0.372E-13
 -4.681  0.386E-13
 -4.671  0.420E-13
 -4.661  0.464E-13
 -4.651  0.509E-13
 -4.641  0.554E-13
 -4.631  0.599E-13
 -4.621  0.644E-13
 -4.611  0.689E-13
 -4.601  0.735E-13
 -4.591  0.779E-13
 -4.581  0.825E-13
 -4.571  0.869E-13
 -4.561  0.915E-13
 -4.551  0.960E-13
 -4.541  0.100E-12
 -4.531  0.105E-12
 -4.521  0.109E-12
 -4.511  0.114E-12
 -4.501  0.118E-12
 -4.491  0.123E-12
 -4.481  0.127E-12
 -4.471  0.132E-12
 -4.461  0.136E-12
 -4.451  0.141E-12
 -4.441  0.145E-12
 -4.431  0.150E-12
 -4.421  0.399E-12
 -4.411  0.385E-12
 -4.401  0.373E-12
 -4.391  0.360E-12
 -4.381  0.347E-12
 -4.371  0.334E-12
 -4.361  0.321E-12
 -4.351  0.308E-12
 -4.341  0.296E-12
 -4.331  0.282E-12
 -4.321  0.270E-12
 -4.311  0.256E-12
 -4.301  0.244E-12
 -4.291  0.231E-12
 -4.281  0.218E-12
 -4.271  0.205E-12
 -4.261  0.192E-12
 -4.251  0.179E-12
 -4.241  0.167E-12
 -4.231  0.153E-12
 -4.221  0.141E-12
 -4.211  0.129E-12
 -4.201  0.115E-12
 -4.191  0.102E-12
 -4.181  0.894E-13
 -4.171  0.765E-13
 -4.161  0.658E-13
 -4.151  0.639E-13
 -4.141  0.621E-13
 -4.131  0.602E-13
 -4.121  0.584E-13
 -4.111  0.566E-13
 -4.101  0.547E-13
 -4.091  0.528E-13
 -4.081  0.509E-13
 -4.071  0.492E-13
 -4.061  0.473E-13
 -4.051  0.454E-13
 -4.041  0.436E-13
 -4.031  0.417E-13
 -4.021  0.399E-13
 -4.011  0.381E-13
 -4.001  0.362E-13
 -3.991  0.343E-13
 -3.981  0.326E-13
 -3.971  0.307E-13
 -3.961  0.288E-13
 -3.951  0.270E-13
 -3.941  0.251E-13
 -3.931  0.233E-13
 -3.921  0.215E-13
 -3.911  0.196E-13
 -3.901  0.177E-13
 -3.891  0.171E-13
 -3.881  0.174E-13
 -3.871  0.176E-13
 -3.861  0.178E-13
 -3.851  0.181E-13
 -3.841  0.183E-13
 -3.831  0.185E-13
 -3.821  0.188E-13
 -3.811  0.190E-13
 -3.801  0.192E-13
 -3.791  0.195E-13
 -3.781  0.197E-13
 -3.771  0.199E-13
 -3.761  0.202E-13
 -3.751  0.204E-13
 -3.741  0.206E-13
 -3.731  0.209E-13
 -3.721  0.211E-13
 -3.711  0.213E-13
 -3.701  0.216E-13
 -3.691  0.218E-13
 -3.681  0.219E-13
 -3.671  0.222E-13
 -3.661  0.224E-13
 -3.651  0.226E-13
 -3.641  0.229E-13
 -3.631  0.231E-13
 -3.621  0.227E-13
 -3.611  0.225E-13
 -3.601  0.223E-13
 -3.591  0.222E-13
 -3.581  0.220E-13
 -3.571  0.218E-13
 -3.561  0.216E-13
 -3.551  0.215E-13
 -3.541  0.213E-13
 -3.531  0.211E-13
 -3.521  0.209E-13
 -3.511  0.208E-13
 -3.501  0.206E-13
 -3.491  0.204E-13
 -3.481  0.202E-13
 -3.471  0.201E-13
 -3.461  0.199E-13
 -3.451  0.197E-13
 -3.441  0.195E-13
 -3.431  0.194E-13
 -3.421  0.192E-13
 -3.411  0.190E-13
 -3.401  0.189E-13
 -3.391  0.187E-13
 -3.381  0.185E-13
 -3.371  0.183E-13
 -3.361  0.181E-13
 -3.351  0.180E-13
 -3.341  0.208E-13
 -3.331  0.241E-13
 -3.321  0.273E-13
 -3.311  0.307E-13
 -3.301  0.340E-13
 -3.291  0.373E-13
 -3.281  0.406E-13
 -3.271  0.440E-13
 -3.261  0.473E-13
 -3.251  0.506E-13
 -3.241  0.539E-13
 -3.231  0.573E-13
 -3.221  0.606E-13
 -3.211  0.639E-13
 -3.201  0.672E-13
 -3.191  0.705E-13
 -3.181  0.739E-13
 -3.171  0.772E-13
 -3.161  0.805E-13
 -3.151  0.838E-13
 -3.141  0.872E-13
 -3.131  0.904E-13
 -3.121  0.937E-13
 -3.111  0.970E-13
 -3.101  0.100E-12
 -3.091  0.104E-12
 -3.081  0.107E-12
 -3.071  0.110E-12
 -3.061  0.108E-12
 -3.051  0.106E-12
 -3.041  0.104E-12
 -3.031  0.102E-12
 -3.021  0.100E-12
 -3.011  0.981E-13
 -3.001  0.961E-13
 -2.991  0.942E-13
 -2.981  0.922E-13
 -2.971  0.903E-13
 -2.961  0.883E-13
 -2.951  0.864E-13
 -2.941  0.844E-13
 -2.931  0.824E-13
 -2.921  0.805E-13
 -2.911  0.785E-13
 -2.901  0.766E-13
 -2.891  0.746E-13
 -2.881  0.727E-13
 -2.871  0.707E-13
 -2.861  0.687E-13
 -2.851  0.667E-13
 -2.841  0.648E-13
 -2.831  0.628E-13
 -2.821  0.609E-13
 -2.811  0.589E-13
 -2.801  0.570E-13
 -2.791  0.550E-13
 -2.781  0.531E-13
 -2.771  0.543E-13
 -2.761  0.564E-13
 -2.751  0.586E-13
 -2.741  0.607E-13
 -2.731  0.630E-13
 -2.721  0.651E-13
 -2.711  0.673E-13
 -2.701  0.694E-13
 -2.691  0.716E-13
 -2.681  0.737E-13
 -2.671  0.758E-13
 -2.661  0.780E-13
 -2.651  0.802E-13
 -2.641  0.824E-13
 -2.631  0.845E-13
 -2.621  0.867E-13
 -2.611  0.888E-13
 -2.601  0.910E-13
 -2.591  0.931E-13
 -2.581  0.954E-13
 -2.571  0.975E-13
 -2.561  0.997E-13
 -2.551  0.102E-12
 -2.541  0.104E-12
 -2.531  0.106E-12
 -2.521  0.108E-12
 -2.511  0.110E-12
 -2.501  0.113E-12
 -2.491  0.115E-12
 -2.481  0.113E-12
 -2.471  0.111E-12
 -2.461  0.110E-12
 -2.451  0.109E-12
 -2.441  0.107E-12
 -2.431  0.106E-12
 -2.421  0.105E-12
 -2.411  0.103E-12
 -2.401  0.102E-12
 -2.391  0.101E-12
 -2.381  0.995E-13
 -2.371  0.982E-13
 -2.361  0.969E-13
 -2.351  0.956E-13
 -2.341  0.943E-13
 -2.331  0.931E-13
 -2.321  0.917E-13
 -2.311  0.904E-13
 -2.301  0.892E-13
 -2.291  0.879E-13
 -2.281  0.865E-13
 -2.271  0.852E-13
 -2.261  0.840E-13
 -2.251  0.827E-13
 -2.241  0.813E-13
 -2.231  0.801E-13
 -2.221  0.788E-13
 -2.211  0.774E-13
 -2.201  0.762E-13
 -2.191  0.749E-13
 -2.181  0.766E-13
 -2.171  0.794E-13
 -2.161  0.822E-13
 -2.151  0.851E-13
 -2.141  0.879E-13
 -2.131  0.908E-13
 -2.121  0.936E-13
 -2.111  0.964E-13
 -2.101  0.993E-13
 -2.091  0.102E-12
 -2.081  0.105E-12
 -2.071  0.108E-12
 -2.061  0.111E-12
 -2.051  0.114E-12
 -2.041  0.116E-12
 -2.031  0.119E-12
 -2.021  0.122E-12
 -2.011  0.125E-12
 -2.001  0.128E-12
 -1.991  0.131E-12
 -1.981  0.134E-12
 -1.971  0.136E-12
 -1.961  0.139E-12
 -1.951  0.142E-12
 -1.941  0.145E-12
 -1.931  0.148E-12
 -1.921  0.151E-12
 -1.911  0.153E-12
 -1.901  0.157E-12
 -1.891  0.160E-12
 -1.881  0.155E-12
 -1.871  0.151E-12
 -1.861  0.148E-12
 -1.851  0.144E-12
 -1.841  0.141E-12
 -1.831  0.137E-12
 -1.821  0.134E-12
 -1.811  0.130E-12
 -1.801  0.127E-12
 -1.791  0.123E-12
 -1.781  0.120E-12
 -1.771  0.116E-12
 -1.761  0.113E-12
 -1.751  0.109E-12
 -1.741  0.106E-12
 -1.731  0.102E-12
 -1.721  0.986E-13
 -1.711  0.951E-13
 -1.701  0.916E-13
 -1.691  0.881E-13
 -1.681  0.846E-13
 -1.671  0.811E-13
 -1.661  0.776E-13
 -1.651  0.740E-13
 -1.641  0.705E-13
 -1.631  0.670E-13
 -1.621  0.635E-13
 -1.611  0.600E-13
 -1.601  0.565E-13
 -1.591  0.530E-13
 -1.581  0.491E-13
 -1.571  0.501E-13
 -1.561  0.510E-13
 -1.551  0.519E-13
 -1.541  0.528E-13
 -1.531  0.537E-13
 -1.521  0.546E-13
 -1.511  0.555E-13
 -1.501  0.564E-13
 -1.491  0.574E-13
 -1.481  0.582E-13
 -1.471  0.592E-13
 -1.461  0.600E-13
 -1.451  0.610E-13
 -1.441  0.618E-13
 -1.431  0.627E-13
 -1.421  0.637E-13
 -1.411  0.645E-13
 -1.401  0.655E-13
 -1.391  0.663E-13
 -1.381  0.673E-13
 -1.371  0.681E-13
 -1.361  0.691E-13
 -1.351  0.700E-13
 -1.341  0.709E-13
 -1.331  0.718E-13
 -1.321  0.726E-13
 -1.311  0.736E-13
 -1.301  0.744E-13
 -1.291  0.754E-13
 -1.281  0.763E-13
 -1.271  0.772E-13
 -1.261  0.845E-13
 -1.251  0.931E-13
 -1.241  0.102E-12
 -1.231  0.110E-12
 -1.221  0.119E-12
 -1.211  0.128E-12
 -1.201  0.136E-12
 -1.191  0.145E-12
 -1.181  0.153E-12
 -1.171  0.162E-12
 -1.161  0.171E-12
 -1.151  0.179E-12
 -1.141  0.188E-12
 -1.131  0.196E-12
 -1.121  0.205E-12
 -1.111  0.214E-12
 -1.101  0.222E-12
 -1.091  0.231E-12
 -1.081  0.239E-12
 -1.071  0.248E-12
 -1.061  0.257E-12
 -1.051  0.265E-12
 -1.041  0.273E-12
 -1.031  0.283E-12
 -1.021  0.291E-12
 -1.011  0.300E-12
 -1.001  0.308E-12
 -0.991  0.317E-12
 -0.981  0.326E-12
 -0.971  0.334E-12
 -0.961  0.342E-12
 -0.951  0.339E-12
 -0.941  0.330E-12
 -0.931  0.319E-12
 -0.921  0.309E-12
 -0.911  0.300E-12
 -0.901  0.289E-12
 -0.891  0.280E-12
 -0.881  0.269E-12
 -0.871  0.260E-12
 -0.861  0.249E-12
 -0.851  0.240E-12
 -0.841  0.230E-12
 -0.831  0.220E-12
 -0.821  0.210E-12
 -0.811  0.200E-12
 -0.801  0.190E-12
 -0.791  0.180E-12
 -0.781  0.170E-12
 -0.771  0.160E-12
 -0.761  0.150E-12
 -0.751  0.140E-12
 -0.741  0.130E-12
 -0.731  0.120E-12
 -0.721  0.110E-12
 -0.711  0.100E-12
 -0.701  0.903E-13
 -0.691  0.803E-13
 -0.681  0.703E-13
 -0.671  0.604E-13
 -0.661  0.504E-13
 -0.651  0.405E-13
 -0.641  0.304E-13
 -0.631  0.257E-13
 -0.621  0.275E-13
 -0.611  0.293E-13
 -0.601  0.311E-13
 -0.591  0.328E-13
 -0.581  0.347E-13
 -0.571  0.364E-13
 -0.561  0.383E-13
 -0.551  0.400E-13
 -0.541  0.419E-13
 -0.531  0.436E-13
 -0.521  0.453E-13
 -0.511  0.472E-13
 -0.501  0.489E-13
 -0.491  0.508E-13
 -0.481  0.525E-13
 -0.471  0.544E-13
 -0.461  0.561E-13
 -0.451  0.580E-13
 -0.441  0.597E-13
 -0.431  0.614E-13
 -0.421  0.633E-13
 -0.411  0.650E-13
 -0.401  0.669E-13
 -0.391  0.686E-13
 -0.381  0.705E-13
 -0.371  0.722E-13
 -0.361  0.741E-13
 -0.351  0.758E-13
 -0.341  0.775E-13
 -0.331  0.794E-13
 -0.321  0.811E-13
 -0.311  0.815E-13
 -0.301  0.791E-13
 -0.291  0.767E-13
 -0.281  0.744E-13
 -0.271  0.719E-13
 -0.261  0.696E-13
 -0.251  0.672E-13
 -0.241  0.649E-13
 -0.231  0.624E-13
 -0.221  0.601E-13
 -0.211  0.577E-13
 -0.201  0.553E-13
 -0.191  0.529E-13
 -0.181  0.506E-13
 -0.171  0.481E-13
 -0.161  0.458E-13
 -0.151  0.434E-13
 -0.141  0.410E-13
 -0.131  0.386E-13
 -0.121  0.363E-13
 -0.111  0.338E-13
 -0.101  0.315E-13
 -0.091  0.291E-13
 -0.081  0.267E-13
 -0.071  0.243E-13
 -0.061  0.220E-13
 -0.051  0.195E-13
 -0.041  0.172E-13
 -0.031  0.148E-13
 -0.021  0.124E-13
 -0.011  0.100E-13
 -0.001  0.763E-14
  0.009  0.525E-14
  0.019  0.212E-13
  0.029  0.571E-13
  0.039  0.932E-13
  0.049  0.129E-12
  0.059  0.165E-12
  0.069  0.202E-12
  0.079  0.237E-12
  0.089  0.273E-12
  0.099  0.309E-12
  0.109  0.345E-12
  0.119  0.381E-12
  0.129  0.416E-12
  0.139  0.453E-12
  0.149  0.489E-12
  0.159  0.525E-12
  0.169  0.561E-12
  0.179  0.562E-01
  0.189  0.267E-01
  0.199  0.169E-01
  0.209  0.160E-01
  0.219  0.114E-01
  0.229  0.108E-01
  0.239  0.102E-01
  0.249  0.775E-02
  0.259  0.733E-02
  0.269  0.691E-02
  0.279  0.545E-02
  0.289  0.515E-02
  0.299  0.486E-02
  0.309  0.456E-02
  0.319  0.369E-02
  0.329  0.348E-02
  0.339  0.327E-02
  0.349  0.306E-02
  0.359  0.250E-02
  0.369  0.236E-02
  0.379  0.221E-02
  0.389  0.207E-02
  0.399  0.192E-02
  0.409  0.178E-02
  0.419  0.148E-02
  0.429  0.139E-02
  0.439  0.129E-02
  0.449  0.119E-02
  0.459  0.109E-02
  0.469  0.999E-03
  0.479  0.838E-03
  0.489  0.776E-03
  0.499  0.716E-03
  0.509  0.654E-03
  0.519  0.594E-03
  0.529  0.532E-03
  0.539  0.438E-03
  0.549  0.402E-03
  0.559  0.367E-03
  0.569  0.331E-03
  0.579  0.296E-03
  0.589  0.261E-03
  0.599  0.225E-03
  0.609  0.178E-03
  0.619  0.161E-03
  0.629  0.143E-03
  0.639  0.126E-03
  0.649  0.109E-03
  0.659  0.917E-04
  0.669  0.744E-04
  0.679  0.571E-04
  0.689  0.411E-04
  0.699  0.361E-04
  0.709  0.310E-04
  0.719  0.259E-04
  0.729  0.209E-04
  0.739  0.159E-04
  0.749  0.108E-04
  0.759  0.575E-05
  0.769  0.686E-06
  0.779  0.266E-05
  0.789  0.530E-05
  0.799  0.796E-05
  0.809  0.106E-04
  0.819  0.132E-04
  0.829  0.159E-04
  0.839  0.186E-04
  0.849  0.212E-04
  0.859  0.239E-04
  0.869  0.283E-04
  0.879  0.352E-04
  0.889  0.422E-04
  0.899  0.491E-04
  0.909  0.560E-04
  0.919  0.630E-04
  0.929  0.700E-04
  0.939  0.769E-04
  0.949  0.839E-04
  0.959  0.853E-04
  0.969  0.941E-04
  0.979  0.103E-03
  0.989  0.112E-03
  0.999  0.120E-03
  1.009  0.129E-03
  1.019  0.138E-03
  1.029  0.147E-03
  1.039  0.155E-03
  1.049  0.164E-03
  1.059  0.173E-03
  1.069  0.172E-03
  1.079  0.180E-03
  1.089  0.189E-03
  1.099  0.198E-03
  1.109  0.207E-03
  1.119  0.215E-03
  1.129  0.225E-03
  1.139  0.233E-03
  1.149  0.242E-03
  1.159  0.251E-03
  1.169  0.259E-03
  1.179  0.253E-03
  1.189  0.261E-03
  1.199  0.269E-03
  1.209  0.277E-03
  1.219  0.285E-03
  1.229  0.293E-03
  1.239  0.299E-03
  1.249  0.307E-03
  1.259  0.315E-03
  1.269  0.323E-03
  1.279  0.331E-03
  1.289  0.339E-03
  1.299  0.327E-03
  1.309  0.333E-03
  1.319  0.339E-03
  1.329  0.345E-03
  1.339  0.351E-03
  1.349  0.358E-03
  1.359  0.379E-03
  1.369  0.399E-03
  1.379  0.419E-03
  1.389  0.439E-03
  1.399  0.459E-03
  1.409  0.480E-03
  1.419  0.480E-03
  1.429  0.499E-03
  1.439  0.517E-03
  1.449  0.535E-03
  1.459  0.553E-03
  1.469  0.571E-03
  1.479  0.589E-03
  1.489  0.607E-03
  1.499  0.625E-03
  1.509  0.644E-03
  1.519  0.662E-03
  1.529  0.680E-03
  1.539  0.698E-03
  1.549  0.149E-08
  1.559  0.161E-08
  1.569  0.173E-08
  1.579  0.184E-08
  1.589  0.183E-08
  1.599  0.179E-08
  1.609  0.176E-08
  1.619  0.172E-08
  1.629  0.169E-08
  1.639  0.165E-08
  1.649  0.162E-08
  1.659  0.223E-08
  1.669  0.184E-08
  1.679  0.700E-02
  1.689  0.407E-03
  1.699  0.405E-03
  1.709  0.405E-03
  1.719  0.405E-03
  1.729  0.405E-03
  1.739  0.404E-03
  1.749  0.403E-03
  1.759  0.403E-03
  1.769  0.403E-03
  1.779  0.402E-03
  1.789  0.401E-03
  1.799  0.401E-03
  1.809  0.401E-03
  1.819  0.400E-03
  1.829  0.381E-03
  1.839  0.379E-03
  1.849  0.377E-03
  1.859  0.375E-03
  1.869  0.373E-03
  1.879  0.371E-03
  1.889  0.369E-03
  1.899  0.367E-03
  1.909  0.365E-03
  1.919  0.363E-03
  1.929  0.361E-03
  1.939  0.358E-03
  1.949  0.356E-03
  1.959  0.354E-03
  1.969  0.338E-03
  1.979  0.335E-03
  1.989  0.331E-03
  1.999  0.327E-03
  2.009  0.324E-03
  2.019  0.321E-03
  2.029  0.317E-03
  2.039  0.314E-03
  2.049  0.311E-03
  2.059  0.307E-03
  2.069  0.304E-03
  2.079  0.301E-03
  2.089  0.297E-03
  2.099  0.294E-03
  2.109  0.291E-03
  2.119  0.287E-03
  2.129  0.273E-03
  2.139  0.269E-03
  2.149  0.264E-03
  2.159  0.260E-03
  2.169  0.256E-03
  2.179  0.252E-03
  2.189  0.248E-03
  2.199  0.244E-03
  2.209  0.240E-03
  2.219  0.236E-03
  2.229  0.232E-03
  2.239  0.227E-03
  2.249  0.223E-03
  2.259  0.219E-03
  2.269  0.215E-03
  2.279  0.211E-03
  2.289  0.200E-03
  2.299  0.195E-03
  2.309  0.191E-03
  2.319  0.187E-03
  2.329  0.183E-03
  2.339  0.178E-03
  2.349  0.174E-03
  2.359  0.170E-03
  2.369  0.166E-03
  2.379  0.162E-03
  2.389  0.157E-03
  2.399  0.153E-03
  2.409  0.149E-03
  2.419  0.145E-03
  2.429  0.140E-03
  2.439  0.136E-03
  2.449  0.128E-03
  2.459  0.124E-03
  2.469  0.120E-03
  2.479  0.117E-03
  2.489  0.113E-03
  2.499  0.109E-03
  2.509  0.105E-03
  2.519  0.102E-03
  2.529  0.978E-04
  2.539  0.941E-04
  2.549  0.904E-04
  2.559  0.867E-04
  2.569  0.829E-04
  2.579  0.792E-04
  2.589  0.755E-04
  2.599  0.717E-04
  2.609  0.681E-04
  2.619  0.624E-04
  2.629  0.597E-04
  2.639  0.571E-04
  2.649  0.545E-04
  2.659  0.519E-04
  2.669  0.493E-04
  2.679  0.467E-04
  2.689  0.440E-04
  2.699  0.414E-04
  2.709  0.388E-04
  2.719  0.362E-04
  2.729  0.336E-04
  2.739  0.310E-04
  2.749  0.283E-04
  2.759  0.257E-04
  2.769  0.231E-04
  2.779  0.205E-04
  2.789  0.179E-04
  2.799  0.156E-04
  2.809  0.147E-04
  2.819  0.138E-04
  2.829  0.130E-04
  2.839  0.121E-04
  2.849  0.112E-04
  2.859  0.104E-04
  2.869  0.950E-05
  2.879  0.863E-05
  2.889  0.777E-05
  2.899  0.690E-05
  2.909  0.603E-05
  2.919  0.517E-05
  2.929  0.430E-05
  2.939  0.343E-05
  2.949  0.256E-05
  2.959  0.170E-05
  2.969  0.829E-06
  2.979  0.567E-06
  2.989  0.211E-05
  2.999  0.365E-05
  3.009  0.519E-05
  3.019  0.673E-05
  3.029  0.827E-05
  3.039  0.981E-05
  3.049  0.114E-04
  3.059  0.129E-04
  3.069  0.144E-04
  3.079  0.160E-04
  3.089  0.175E-04
  3.099  0.190E-04
  3.109  0.206E-04
  3.119  0.221E-04
  3.129  0.237E-04
  3.139  0.252E-04
  3.149  0.268E-04
  3.159  0.282E-04
  3.169  0.306E-04
  3.179  0.352E-04
  3.189  0.398E-04
  3.199  0.445E-04
  3.209  0.491E-04
  3.219  0.537E-04
  3.229  0.583E-04
  3.239  0.629E-04
  3.249  0.675E-04
  3.259  0.721E-04
  3.269  0.767E-04
  3.279  0.813E-04
  3.289  0.860E-04
  3.299  0.906E-04
  3.309  0.952E-04
  3.319  0.998E-04
  3.329  0.104E-03
  3.339  0.109E-03
  3.349  0.114E-03
  3.359  0.116E-03
  3.369  0.125E-03
  3.379  0.133E-03
  3.389  0.142E-03
  3.399  0.150E-03
  3.409  0.158E-03
  3.419  0.167E-03
  3.429  0.175E-03
  3.439  0.184E-03
  3.449  0.192E-03
  3.459  0.200E-03
  3.469  0.209E-03
  3.479  0.217E-03
  3.489  0.225E-03
  3.499  0.234E-03
  3.509  0.242E-03
  3.519  0.251E-03
  3.529  0.259E-03
  3.539  0.267E-03
  3.549  0.276E-03
  3.559  0.280E-03
  3.569  0.293E-03
  3.579  0.306E-03
  3.589  0.319E-03
  3.599  0.332E-03
  3.609  0.345E-03
  3.619  0.358E-03
  3.629  0.371E-03
  3.639  0.384E-03
  3.649  0.397E-03
  3.659  0.409E-03
  3.669  0.423E-03
  3.679  0.435E-03
  3.689  0.448E-03
  3.699  0.461E-03
  3.709  0.474E-03
  3.719  0.487E-03
  3.729  0.500E-03
  3.739  0.513E-03
  3.749  0.526E-03
  3.759  0.530E-03
  3.769  0.548E-03
  3.779  0.567E-03
  3.789  0.585E-03
  3.799  0.603E-03
  3.809  0.621E-03
  3.819  0.639E-03
  3.829  0.658E-03
  3.839  0.677E-03
  3.849  0.695E-03
  3.859  0.713E-03
  3.869  0.731E-03
  3.879  0.749E-03
  3.889  0.767E-03
  3.899  0.786E-03
  3.909  0.805E-03
  3.919  0.823E-03
  3.929  0.841E-03
  3.939  0.859E-03
  3.949  0.877E-03
  3.959  0.895E-03
  3.969  0.903E-03
  3.979  0.927E-03
  3.989  0.953E-03
  3.999  0.977E-03
  4.009  0.100E-02
  4.019  0.103E-02
  4.029  0.105E-02
  4.039  0.108E-02
  4.049  0.110E-02
  4.059  0.112E-02
  4.069  0.115E-02
  4.079  0.117E-02
  4.089  0.120E-02
  4.099  0.123E-02
  4.109  0.125E-02
  4.119  0.127E-02
  4.129  0.130E-02
  4.139  0.132E-02
  4.149  0.135E-02
  4.159  0.137E-02
  4.169  0.140E-02
  4.179  0.141E-02
  4.189  0.144E-02
  4.199  0.147E-02
  4.209  0.150E-02
  4.219  0.154E-02
  4.229  0.157E-02
  4.239  0.160E-02
  4.249  0.163E-02
  4.259  0.167E-02
  4.269  0.170E-02
  4.279  0.173E-02
  4.289  0.176E-02
  4.299  0.180E-02
  4.309  0.183E-02
  4.319  0.186E-02
  4.329  0.189E-02
  4.339  0.192E-02
  4.349  0.196E-02
  4.359  0.199E-02
  4.369  0.202E-02
  4.379  0.206E-02
  4.389  0.206E-02
  4.399  0.210E-02
  4.409  0.215E-02
  4.419  0.219E-02
  4.429  0.224E-02
  4.439  0.228E-02
  4.449  0.232E-02
  4.459  0.236E-02
  4.469  0.240E-02
  4.479  0.244E-02
  4.489  0.248E-02
  4.499  0.252E-02
  4.509  0.256E-02
  4.519  0.260E-02
  4.529  0.265E-02
  4.539  0.269E-02
  4.549  0.273E-02
  4.559  0.278E-02
  4.569  0.282E-02
  4.579  0.286E-02
  4.589  0.290E-02
  4.599  0.294E-02
  4.609  0.297E-02
  4.619  0.302E-02
  4.629  0.308E-02
  4.639  0.312E-02
  4.649  0.318E-02
  4.659  0.324E-02
  4.669  0.328E-02
  4.679  0.334E-02
  4.689  0.339E-02
  4.699  0.344E-02
  4.709  0.350E-02
  4.719  0.355E-02
  4.729  0.360E-02
  4.739  0.366E-02
  4.749  0.371E-02
  4.759  0.376E-02
  4.769  0.382E-02
  4.779  0.387E-02
  4.789  0.392E-02
  4.799  0.398E-02
  4.809  0.402E-02
  4.819  0.407E-02
  4.829  0.414E-02
  4.839  0.420E-02
  4.849  0.427E-02
  4.859  0.434E-02
  4.869  0.440E-02
  4.879  0.447E-02
  4.889  0.454E-02
  4.899  0.460E-02
  4.909  0.467E-02
  4.919  0.474E-02
  4.929  0.481E-02
  4.939  0.488E-02
  4.949  0.494E-02
  4.959  0.501E-02
  4.969  0.508E-02
  4.979  0.514E-02
  4.989  0.521E-02
  4.999  0.528E-02
  5.009  0.534E-02
  5.019  0.541E-02
  5.029  0.548E-02
  5.039  0.557E-02
  5.049  0.565E-02
  5.059  0.574E-02
  5.069  0.582E-02
  5.079  0.591E-02
  5.089  0.599E-02
  5.099  0.608E-02
  5.109  0.616E-02
  5.119  0.625E-02
  5.129  0.634E-02
  5.139  0.642E-02
  5.149  0.651E-02
  5.159  0.660E-02
  5.169  0.668E-02
  5.179  0.676E-02
  5.189  0.686E-02
  5.199  0.694E-02
  5.209  0.702E-02
  5.219  0.711E-02
  5.229  0.720E-02
  5.239  0.728E-02
  5.249  0.736E-02
  5.259  0.752E-02
  5.269  0.764E-02
  5.279  0.775E-02
  5.289  0.786E-02
  5.299  0.796E-02
  5.309  0.807E-02
  5.319  0.819E-02
  5.329  0.830E-02
  5.339  0.840E-02
  5.349  0.851E-02
  5.359  0.863E-02
  5.369  0.874E-02
  5.379  0.885E-02
  5.389  0.895E-02
  5.399  0.907E-02
  5.409  0.918E-02
  5.419  0.929E-02
  5.429  0.939E-02
  5.439  0.951E-02
  5.449  0.962E-02
  5.459  0.973E-02
  5.469  0.138E+00
  5.479  0.238E-01
  5.489  0.000E+00
